99478323
99478356
99478357
99478358
99478359
99478377
99478378
99478379
99478380
99478418
99478419
99478420
99478421
99478450
99478504
99478505
99478597
99478598
99478599
99478630
99478688
99478689
99478690
99478719
99478752
99478784
103670809
103670810
103670811
103670812
103670813
103670814
103670815
103670816
103670817
103670818
103670819
103670820
103670821
103670822
103670823
103670824
103670825
103670826
103670827
103670828
103670829
103670830
103670831
103670832
103670833
103670834
103670835
103670836
103670837
103670838
103670839
103670840
103670841
103670842
103670843
103670844
103670845
103670846
103670847
103670848
103670849
103670850
103670851
103670852
103670853
103670854
