C2-C1-N1  56.426   113.113   1   0   4
C2-C1-O1  56.224   118.267   1   0   5
N1-C1-O1  53.739   128.585   4   0   5
C1-C2-H1  47.738   108.734   0   1   10
C1-C2-H2  60.474   110.087   0   1   11
C1-C2-H3  59.627   111.330   0   1   12
H1-C2-H2  31.002   108.368   10   1   11
H1-C2-H3  32.244   107.674   10   1   12
H2-C2-H3  29.823   110.551   11   1   12
O3-C3-H4  49.338   106.569   7   2   13
O3-C3-H5  51.397   111.056   7   2   14
O3-C3-H6  53.187   110.876   7   2   15
H4-C3-H5  45.707   109.392   13   2   14
H4-C3-H6  44.882   110.043   13   2   15
H5-C3-H6  40.191   108.880   14   2   15
S1-C4-H7  36.151   107.208   9   3   16
S1-C4-H8  34.617   108.859   9   3   17
S1-C4-H9  36.899   109.661   9   3   18
H7-C4-H8  35.422   110.847   16   3   17
H7-C4-H9  35.540   110.267   16   3   18
H8-C4-H9  33.231   109.943   17   3   18
C1-N1-P1  139.418   120.723   0   4   8
C3-O3-P1  128.723   116.396   2   7   8
N1-P1-O2  82.443   122.857   4   8   6
N1-P1-O3  97.957   100.161   4   8   7
N1-P1-S1  75.718   112.150   4   8   9
O2-P1-O3  98.558   111.389   6   8   7
O2-P1-S1  76.769   108.864   6   8   9
O3-P1-S1  71.613   98.357   7   8   9
C4-S1-P1  171.987   97.916   3   9   8
