Ace Val Lyn C0Ala  0.33006000 -0.56953001  0.07616000  0.11170000  0.61807001 -0.54860002 -0.11232000  0.05884000  0.05884000  0.05884000 -0.59667999  0.44925001
Ace Val Lys C0Ala  0.33052999 -0.56652999  0.06976000  0.11855000  0.62184000 -0.54593998 -0.11523000  0.05704000  0.05704000  0.05704000 -0.58728999  0.45831001
Ace Val Arg C0Ala  0.32694000 -0.56261999  0.07314000  0.11687000  0.61751002 -0.55866999 -0.11104001  0.06310000  0.06310000  0.06310000 -0.58797997  0.45401999
Ace Val Val C0Ala  0.32967001 -0.57372999  0.08016000  0.10847000  0.62092000 -0.54852998 -0.11728000  0.05926000  0.05926000  0.05926000 -0.59636003  0.44953999
Ace Val Gly C0Ala  0.33010000 -0.57261002  0.07647000  0.11439000  0.61895001 -0.54918998 -0.11390000  0.05848000  0.05848000  0.05848000 -0.59557998  0.44986001
Ace Val Glu C0Ala  0.33000001 -0.57775998  0.08018000  0.11156000  0.61857003 -0.54694003 -0.11108000  0.05151000  0.05151000  0.05151000 -0.60778999  0.44064999
Ace Val Phe C0Ala  0.32843000 -0.57392001  0.07760000  0.11106000  0.62050998 -0.55036002 -0.11646000  0.05819000  0.05819000  0.05819000 -0.59561002  0.44962001
Ace Val Asn C0Ala  0.33229000 -0.56954002  0.07681001  0.11191000  0.62057001 -0.54411000 -0.11514000  0.05720000  0.05720000  0.05720000 -0.59860998  0.44975001
Ace Val Pro C0Ala  0.32607001 -0.58626998  0.08373000  0.10416000  0.62064999 -0.55352002 -0.11529000  0.05891000  0.05891000  0.05891000 -0.59537000  0.44848001
Ace Val Ala C0Ala  0.33135000 -0.56830001  0.07405000  0.11567000  0.61755001 -0.54983998 -0.11123000  0.05838000  0.05838000  0.05838000 -0.59653998  0.44931000
Ace Val Hid C0Ala  0.33131999 -0.56983000  0.07612000  0.11344000  0.62032002 -0.54650003 -0.11729000  0.05818000  0.05818000  0.05818000 -0.59557998  0.45014000
Ace Val Hie C0Ala  0.33060000 -0.56879002  0.07839000  0.11143000  0.62072998 -0.55004000 -0.11605000  0.05769000  0.05769000  0.05769000 -0.59701001  0.44841001
Ace Val Met C0Ala  0.33155000 -0.56727999  0.07288000  0.11493000  0.61785001 -0.54714000 -0.11105000  0.05845000  0.05845000  0.05845000 -0.59687001  0.44969001
Ace Val Gln C0Ala  0.32965001 -0.56888002  0.07350000  0.11553000  0.61831999 -0.55146998 -0.11159000  0.05802000  0.05802000  0.05802000 -0.59486002  0.44905001
Ace Val Hip C0Ala  0.32266000 -0.56260001  0.06935000  0.12263000  0.62211001 -0.55203002 -0.11687000  0.06149000  0.06149000  0.06149000 -0.58249002  0.45951000
Ace Val Tyr C0Ala  0.32843000 -0.57113999  0.07677000  0.11295000  0.62028003 -0.54815000 -0.11570000  0.05735000  0.05735000  0.05735000 -0.59706002  0.44942999
Ace Val Ile C0Ala  0.32980999 -0.57363999  0.07898000  0.10819000  0.62072003 -0.54925001 -0.11710000  0.05941000  0.05941000  0.05941000 -0.59595001  0.44975001
Ace Val Ash C0Ala  0.33284000 -0.56867999  0.07535000  0.11275000  0.62010998 -0.54473001 -0.11474000  0.05782000  0.05782000  0.05782000 -0.59657001  0.45006001
Ace Val Ser C0Ala  0.33140999 -0.57001001  0.07855000  0.11219000  0.61949998 -0.54736000 -0.11412000  0.05784000  0.05784000  0.05784000 -0.59842998  0.44874999
Ace Val Trp C0Ala  0.32988000 -0.57113999  0.07689000  0.11193000  0.62029999 -0.54790002 -0.11633000  0.05730000  0.05730000  0.05730000 -0.59696001  0.44858000
Ace Val Cyx C0Ala  0.32940999 -0.57268000  0.07550000  0.11582000  0.61636001 -0.55478001 -0.11090000  0.05877000  0.05877000  0.05877000 -0.59482002  0.44760999
Ace Val Cys C0Ala  0.32859999 -0.57037001  0.07656000  0.11503000  0.61984003 -0.55059999 -0.11259000  0.05894000  0.05894000  0.05894000 -0.59521001  0.44966001
Ace Val Leu C0Ala  0.32990000 -0.57343000  0.07991000  0.10880000  0.62041002 -0.54926997 -0.11681000  0.05882000  0.05882000  0.05882000 -0.59623998  0.44931999
Ace Val Glh C0Ala  0.32958999 -0.56713998  0.07355000  0.11575000  0.61695999 -0.54984999 -0.11132000  0.05874000  0.05874000  0.05874000 -0.59500003  0.44982001
Ace Val Asp C0Ala  0.33441001 -0.58497000  0.08665000  0.10376000  0.62015998 -0.54832000 -0.11514000  0.05205000  0.05205000  0.05205000 -0.61164999  0.43623999
Ace Val Thr C0Ala  0.32752001 -0.57411999  0.07561000  0.11542000  0.61811000 -0.55302000 -0.11155000  0.05782000  0.05782000  0.05782000 -0.59723997  0.44808000
