Ace Val Tyr C0Arg  0.32828000 -0.50665999  0.32828000  0.52518999 -0.40099001  0.32629001  0.02005000  0.06750000  0.06750000 -0.09923000  0.07893000  0.07893000 -0.08786000  0.06607000  0.06607000  0.07628000  0.11996000  0.59745002 -0.52293003 -0.56469000  0.31707001 -0.50665999  0.32828000  0.32828000 -0.61951000  0.45572001
Ace Val Ile C0Arg  0.32811999 -0.50597000  0.32811999  0.52508003 -0.40127999  0.32657999  0.01897000  0.06822000  0.06822000 -0.09897000  0.07720000  0.07720000 -0.09101000  0.06733000  0.06733000  0.07476000  0.12158000  0.59798998 -0.52991998 -0.56731999  0.31818000 -0.50597000  0.32811999  0.32811999 -0.60992002  0.45580000
Ace Val Val C0Arg  0.32813999 -0.50603002  0.32813999  0.52493000 -0.40108001  0.32664001  0.01929000  0.06783000  0.06783000 -0.09892000  0.07781000  0.07781000 -0.08925000  0.06661000  0.06661000  0.07423000  0.12247000  0.59720999 -0.52767998 -0.56670999  0.31784001 -0.50603002  0.32813999  0.32813999 -0.61329001  0.45526001
Ace Val Arg C0Arg  0.32918000 -0.50288999  0.32918000  0.52665001 -0.40481001  0.32887000  0.02181000  0.06426000  0.06426000 -0.10008000  0.08121000  0.08121000 -0.08757000  0.06270000  0.06270000  0.06535000  0.12266000  0.60510999 -0.52089000 -0.56115001  0.32811001 -0.50288999  0.32918000  0.32918000 -0.60549003  0.46476999
Ace Val Pro C0Arg  0.32791999 -0.50619000  0.32791999  0.52503997 -0.40041000  0.32648000  0.01832000  0.06756000  0.06756000 -0.09808000  0.07860000  0.07860000 -0.08976000  0.06625000  0.06625000  0.07726000  0.12419000  0.59749001 -0.53090000 -0.57023001  0.31406000 -0.50619000  0.32791999  0.32791999 -0.61575001  0.45460001
Ace Val Ala C0Arg  0.32807001 -0.50647998  0.32807001  0.52530002 -0.40059001  0.32638001  0.01937000  0.06798999  0.06798999 -0.09894000  0.07726000  0.07726000 -0.09466000  0.06717000  0.06717000  0.07665000  0.11965999  0.60653001 -0.52213002 -0.57370001  0.33287999 -0.50647998  0.32807001  0.32807001 -0.61084998  0.45866999
Ace Val Hie C0Arg  0.32800999 -0.50667000  0.32800999  0.52504999 -0.40062001  0.32635999  0.01946000  0.06749000  0.06749000 -0.09928000  0.07852000  0.07852000 -0.08856000  0.06608000  0.06608000  0.07638000  0.11990000  0.59842002 -0.52248001 -0.56739002  0.31977001 -0.50667000  0.32800999  0.32800999 -0.61991000  0.45526001
Ace Val Ser C0Arg  0.32796001 -0.50617999  0.32796001  0.52512997 -0.40088001  0.32650000  0.01953000  0.06737000  0.06737000 -0.09915000  0.07836000  0.07836000 -0.08998000  0.06599000  0.06599000  0.07497000  0.12154000  0.60219997 -0.52306002 -0.57041001  0.32010999 -0.50617999  0.32796001  0.32796001 -0.61685997  0.45690000
Ace Val Hip C0Arg  0.33037999 -0.50187999  0.33037999  0.52870000 -0.40854999  0.32631999  0.02407000  0.06672000  0.06672000 -0.09815000  0.07901000  0.07901000 -0.09065000  0.06828000  0.06828000  0.07216000  0.12500000  0.60677999 -0.53781003 -0.55992001  0.31979999 -0.50187999  0.33037999  0.33037999 -0.59959000  0.46528000
Ace Val Met C0Arg  0.32824999 -0.50616002  0.32824999  0.52534002 -0.40112001  0.32644001  0.01944000  0.06790000  0.06790000 -0.09938000  0.07865000  0.07865000 -0.08980000  0.06675000  0.06675000  0.07366000  0.12117000  0.60121000 -0.51800001 -0.56695002  0.32527000 -0.50616002  0.32824999  0.32824999 -0.61747998  0.45796001
Ace Val Gln C0Arg  0.32771999 -0.50611001  0.32771999  0.52438998 -0.39961001  0.32635000  0.01794000  0.06810000  0.06810000 -0.09897000  0.07813000  0.07813000 -0.09397000  0.06733000  0.06733000  0.07712000  0.12001000  0.60658997 -0.52161002 -0.57051003  0.33061001 -0.50611001  0.32771999  0.32771999 -0.61509001  0.45748001
Ace Val Phe C0Arg  0.32817000 -0.50624001  0.32817000  0.52525002 -0.40098000  0.32594001  0.01967000  0.06778000  0.06778000 -0.09874000  0.07828000  0.07828000 -0.08936000  0.06679000  0.06679000  0.07748000  0.11990000  0.59877998 -0.52477998 -0.56628001  0.31904000 -0.50624001  0.32817000  0.32817000 -0.61679000  0.45596001
Ace Val Gly C0Arg  0.32810000 -0.50616002  0.32810000  0.52508998 -0.40063000  0.32655999  0.01891000  0.06794000  0.06794000 -0.09868000  0.07767000  0.07767000 -0.09084000  0.06693000  0.06693000  0.07593000  0.12300000  0.59930998 -0.52783000 -0.57248998  0.31727001 -0.50616002  0.32810000  0.32810000 -0.61304998  0.45550999
Ace Val Trp C0Arg  0.32791000 -0.50641000  0.32791000  0.52484000 -0.40035999  0.32594001  0.01970000  0.06765000  0.06765000 -0.09910000  0.07810000  0.07810000 -0.09069000  0.06653000  0.06653000  0.07826000  0.11926000  0.60117000 -0.52305001 -0.57090002  0.32216000 -0.50641000  0.32791000  0.32791000 -0.61834002  0.45590001
Ace Val Thr C0Arg  0.32749000 -0.50639999  0.32749000  0.52467000 -0.39930999  0.32688001  0.01789000  0.06734000  0.06734000 -0.09919000  0.07844000  0.07844000 -0.09285000  0.06602000  0.06602000  0.07618000  0.12026000  0.60565001 -0.52262002 -0.57518000  0.32504001 -0.50639999  0.32749000  0.32749000 -0.61539000  0.45686000
Ace Val Ash C0Arg  0.32833999 -0.50642997  0.32833999  0.52561998 -0.40147999  0.32587001  0.02025000  0.06863000  0.06863000 -0.09871000  0.07721000  0.07721000 -0.09147001  0.06902000  0.06902000  0.07882999  0.12010000  0.59925997 -0.52670998 -0.56761003  0.32453000 -0.50642997  0.32833999  0.32833999 -0.61145997  0.45622000
Ace Val Leu C0Arg  0.32822999 -0.50638998  0.32822999  0.52577001 -0.40180001  0.32598999  0.02006000  0.06807000  0.06807000 -0.09878000  0.07719000  0.07719000 -0.08899000  0.06716000  0.06716000  0.07511000  0.12066000  0.59706998 -0.52888000 -0.56765997  0.31931001 -0.50638998  0.32822999  0.32822999 -0.61162001  0.45528999
Ace Val Glh C0Arg  0.32804999 -0.50568002  0.32804999  0.52484000 -0.40077999  0.32651001  0.01871000  0.06753000  0.06753000 -0.09935999  0.07883000  0.07883000 -0.09037000  0.06675000  0.06675000  0.07223000  0.12213000  0.60447002 -0.51989001 -0.56655001  0.33006999 -0.50568002  0.32804999  0.32804999 -0.61519003  0.45833999
Ace Val Lyn C0Arg  0.32776001 -0.50597000  0.32776001  0.52363002 -0.39907000  0.32651001  0.01946000  0.06753000  0.06753000 -0.09979000  0.07806000  0.07806000 -0.09081000  0.06634000  0.06634000  0.07403000  0.11835000  0.60637999 -0.51877999 -0.57229000  0.33147001 -0.50597000  0.32776001  0.32776001 -0.61571002  0.45925000
Ace Val Hid C0Arg  0.32815999 -0.50563002  0.32815999  0.52495003 -0.40140000  0.32642001  0.01971000  0.06770000  0.06770000 -0.09916000  0.07869000  0.07869000 -0.08903000  0.06664000  0.06664000  0.07710000  0.12008000  0.59855002 -0.52305001 -0.56695998  0.31898001 -0.50563002  0.32815999  0.32815999 -0.61768001  0.45649001
Ace Val Asp C0Arg  0.32534999 -0.51189000  0.32534999  0.52134001 -0.39184001  0.32570001  0.01508000  0.06937000  0.06937000 -0.09908000  0.07434000  0.07434000 -0.09619000  0.06868000  0.06868000  0.08249000  0.11668000  0.59894001 -0.52412999 -0.57836002  0.33142000 -0.51189000  0.32534999  0.32534999 -0.62616998  0.44573000
Ace Val Glu C0Arg  0.32523000 -0.51130003  0.32523000  0.52069002 -0.39232999  0.32411998  0.01458000  0.07122000  0.07122000 -0.09789000  0.07780000  0.07780000 -0.10137000  0.06594000  0.06594000  0.08402000  0.11438000  0.60620999 -0.52052999 -0.57580000  0.34110001 -0.51130003  0.32523000  0.32523000 -0.62226999  0.44683000
Ace Val Lys C0Arg  0.33039001 -0.50190002  0.33039001  0.52815002 -0.40843001  0.32539999  0.02284000  0.06818000  0.06818000 -0.09822000  0.07616000  0.07616000 -0.09360000  0.07027000  0.07027000  0.07512000  0.12166000  0.60778999 -0.54102999 -0.56822997  0.32848000 -0.50190002  0.33039001  0.33039001 -0.60118997  0.46026000
Ace Val Cys C0Arg  0.32811001 -0.50607002  0.32811001  0.52530003 -0.40101999  0.32649001  0.01955000  0.06803000  0.06803000 -0.09906000  0.07814000  0.07814000 -0.09199000  0.06788000  0.06788000  0.07532000  0.12159000  0.60364997 -0.52037001 -0.56910002  0.32652000 -0.50607002  0.32811001  0.32811001 -0.61457998  0.45853001
Ace Val Asn C0Arg  0.32826001 -0.50654000  0.32826001  0.52618998 -0.40167001  0.32559002  0.02015000  0.06865000  0.06865000 -0.09794000  0.07653000  0.07653000 -0.09124000  0.06886000  0.06886000  0.08010000  0.12045000  0.59939999 -0.53084999 -0.56887001  0.32416001 -0.50654000  0.32826001  0.32826001 -0.61250001  0.45572001
Ace Val Cyx C0Arg  0.32767001 -0.50534999  0.32767001  0.52344000 -0.40296999  0.32596001  0.01991000  0.06967000  0.06967000 -0.10180000  0.09154000  0.09154000 -0.09211000  0.05722000  0.05722000  0.07086000  0.12570000  0.59846002 -0.52275998 -0.56370002  0.31567001 -0.50534999  0.32767001  0.32767001 -0.60865998  0.45864999
