Ace Val Gln C0Asn  0.31185001 -0.68089998  0.31185001  0.66270000 -0.58894998 -0.16813000  0.08066000  0.08066000  0.08379000  0.14450000  0.60455000 -0.55150998 -0.55632001  0.31942999 -0.58704001  0.44806000
Ace Val Asn C0Asn  0.31081000 -0.68005001  0.31081000  0.66223002 -0.58850002 -0.17115000  0.07887000  0.07887000  0.07529000  0.14477000  0.61455000 -0.55738002 -0.56926000  0.33054000 -0.56935000  0.44664002
Ace Val Trp C0Asn  0.31062001 -0.68010002  0.31062001  0.66246003 -0.58875000 -0.17071000  0.07920000  0.07920000  0.07730000  0.14540000  0.61163998 -0.56142998 -0.56993002  0.32326999 -0.56999999  0.44558001
Ace Val Hip C0Asn  0.31703999 -0.67141003  0.31703999  0.66288000 -0.60773999 -0.16743000  0.08478000  0.08478000  0.06844999  0.14934000  0.60354000 -0.54694998 -0.54575998  0.31849000 -0.57992000  0.45862001
Ace Val Val C0Asn  0.31143999 -0.67962003  0.31143999  0.66381001 -0.59258002 -0.17123000  0.07983000  0.07983000  0.08392000  0.14359000  0.61161000 -0.55553001 -0.56879997  0.32512999 -0.58186001  0.44791999
Ace Val Leu C0Asn  0.31096000 -0.67970002  0.31096000  0.66320002 -0.59105003 -0.17103000  0.07943000  0.07943000  0.08113000  0.14512000  0.61100000 -0.55584001 -0.56936002  0.32622999 -0.58015001  0.44721002
Ace Val Arg C0Asn  0.31709001 -0.67102998  0.31709001  0.65867001 -0.59575999 -0.17278001  0.08500000  0.08500000  0.08651000  0.13693000  0.61625999 -0.55799001 -0.55189002  0.32392001 -0.58679002  0.45236000
Ace Val Met C0Asn  0.31160000 -0.67742998  0.31160000  0.66310000 -0.58908999 -0.17191001  0.08106000  0.08106000  0.07535000  0.14821000  0.61317002 -0.56077999 -0.56686998  0.32655000 -0.56932998  0.44677001
Ace Val Phe C0Asn  0.31064999 -0.67873001  0.31064999  0.66355997 -0.58965999 -0.17337000  0.07942000  0.07942000  0.07968000  0.14522000  0.61475998 -0.56076997 -0.57270002  0.32837999 -0.57033002  0.44696000
Ace Val Ash C0Asn  0.31224001 -0.67802000  0.31224001  0.66355997 -0.59377998 -0.16889000  0.08047000  0.08047000  0.07814000  0.14470001  0.60527998 -0.54910999 -0.55871999  0.32560000 -0.58430999  0.44746000
Ace Val Tyr C0Asn  0.31128001 -0.68045002  0.31128001  0.66276997 -0.59135002 -0.17045000  0.08017000  0.08017000  0.08184000  0.14225000  0.61113000 -0.55724001 -0.56545001  0.32532001 -0.57703000  0.44713000
Ace Val Cys C0Asn  0.31175000 -0.67791998  0.31175000  0.66330999 -0.58736002 -0.17252000  0.08068000  0.08068000  0.07589000  0.14920001  0.61293000 -0.56339002 -0.56704002  0.32188001 -0.56695002  0.44721002
Ace Val Hid C0Asn  0.31173000 -0.67891997  0.31173000  0.66359001 -0.59241003 -0.17100000  0.08002000  0.08002000  0.08210000  0.14323001  0.61215001 -0.55589002 -0.56733000  0.32738000 -0.57779002  0.44811001
Ace Val Ala C0Asn  0.31185001 -0.67774999  0.31185001  0.66262001 -0.58999997 -0.16929001  0.08111000  0.08111000  0.08316000  0.14198001  0.60750997 -0.55339003 -0.55770999  0.32196999 -0.58598000  0.44723001
Ace Val Lyn C0Asn  0.31161001 -0.67916000  0.31161001  0.66279000 -0.58920997 -0.16833000  0.08103000  0.08103000  0.08043000  0.14497000  0.60714000 -0.55689001 -0.55659998  0.31915000 -0.58240998  0.44674998
Ace Val Hie C0Asn  0.31132999 -0.68067998  0.31132999  0.66329002 -0.59210998 -0.16829000  0.07972000  0.07972000  0.08381000  0.14314000  0.60645997 -0.55312997 -0.56330001  0.32225001 -0.58680999  0.44665000
Ace Val Glu C0Asn  0.30524001 -0.69116998  0.30524001  0.66526997 -0.58072001 -0.16077000  0.07436000  0.07436000  0.08854000  0.13910000  0.59579003 -0.54018003 -0.55905998  0.31825000 -0.60674000  0.43989000
Ace Val Lys C0Asn  0.31477001 -0.67400003  0.31477001  0.66562003 -0.60835999 -0.16576999  0.08272000  0.08272000  0.07581000  0.14352000  0.60373998 -0.54491001 -0.54933000  0.32317001 -0.58389998  0.45598000
Ace Val Ile C0Asn  0.31152001 -0.67938000  0.31152001  0.66315001 -0.59215999 -0.16993999  0.07971000  0.07971000  0.08354000  0.14509000  0.60970998 -0.55601001 -0.56756002  0.32437000 -0.58173001  0.44753999
Ace Val Ser C0Asn  0.31126002 -0.67949998  0.31126002  0.66437000 -0.59279001 -0.16969000  0.08043000  0.08043000  0.08383000  0.14266001  0.60680997 -0.55540001 -0.56571001  0.31981000 -0.58451003  0.44703001
Ace Val Asp C0Asn  0.30622000 -0.68772000  0.30622000  0.66396999 -0.59074998 -0.17141999  0.07840000  0.07840000  0.09251000  0.13522001  0.61137003 -0.55612999 -0.57621002  0.32789001 -0.59658998  0.43496999
Ace Val Gly C0Asn  0.31224001 -0.67963999  0.31224001  0.66306001 -0.59201997 -0.16613001  0.08018000  0.08018000  0.08479000  0.14529000  0.60263997 -0.55100000 -0.55833000  0.31959999 -0.59186000  0.44819000
Ace Val Thr C0Asn  0.31119999 -0.68045002  0.31119999  0.66307998 -0.58831000 -0.16877000  0.08005000  0.08005000  0.08001000  0.14715000  0.60789001 -0.56199002 -0.56111002  0.31660000 -0.57990998  0.44560999
Ace Val Cyx C0Asn  0.31161001 -0.67825001  0.31161001  0.66272998 -0.58833998 -0.16922000  0.07980000  0.07980000  0.08615000  0.14283000  0.60459000 -0.54802000 -0.55849999  0.31660000 -0.59548998  0.44834000
Ace Val Pro C0Asn  0.31391001 -0.68102002  0.31391001  0.65658999 -0.59112000 -0.17071999  0.07789000  0.07789000  0.08290000  0.14543000  0.61399001 -0.55936003 -0.57578999  0.32293999 -0.57778001  0.44645000
Ace Val Glh C0Asn  0.31250000 -0.67799997  0.31250000  0.66132998 -0.59083998 -0.16756000  0.08195000  0.08195000  0.08603000  0.13924000  0.60531002 -0.54623002 -0.55357999  0.31985000 -0.59412998  0.44819000
