Ace Val Lys C0Asp  0.31790998 -0.54518998  0.07823000  0.13876000  0.64389002 -0.59359002 -0.23057001  0.03822000  0.03822000  0.91605997 -0.81853998 -0.81853998 -0.56557000  0.43930000
Ace Val Leu C0Asp  0.31520000 -0.55839002  0.08465000  0.13666000  0.64319998 -0.59965998 -0.22570000  0.04480000  0.04480000  0.91351003 -0.82920003 -0.82920003 -0.57187003  0.43158999
Ace Val Gly C0Asp  0.31476000 -0.55741000  0.08482000  0.13458000  0.64133000 -0.60011000 -0.22371000  0.04459000  0.04459000  0.91351002 -0.82801998 -0.82801998 -0.56985003  0.43158000
Ace Val Met C0Asp  0.31490001 -0.54868001  0.08132000  0.14092000  0.63705999 -0.60030001 -0.22441000  0.04544000  0.04544000  0.91526997 -0.82699001 -0.82699001 -0.57142001  0.43099999
Ace Val Cyx C0Asp  0.30919001 -0.55422997  0.08273000  0.13591000  0.64183998 -0.60807002 -0.22378001  0.04536000  0.04536000  0.91310000 -0.82643002 -0.82643002 -0.56590003  0.43162999
Ace Val Ala C0Asp  0.31498000 -0.55005997  0.08258000  0.13696000  0.64029998 -0.59999001 -0.22329000  0.04538000  0.04538000  0.91369998 -0.82740998 -0.82740998 -0.57113999  0.43094000
Ace Val Pro C0Asp  0.30755001 -0.56957001  0.08826000  0.13381000  0.64323997 -0.59943003 -0.22415000  0.04316000  0.04316000  0.91272002 -0.82957000 -0.82957000 -0.57388997  0.42980999
Ace Val Hip C0Asp  0.31009000 -0.54639000  0.07773000  0.14520000  0.64480001 -0.60292000 -0.23643001  0.03988000  0.03988000  0.91825002 -0.81282997 -0.81282997 -0.55742002  0.44161999
Ace Val Glu C0Asp  0.31803000 -0.55492002  0.09384000  0.12382000  0.63323999 -0.58613998 -0.21552999  0.04361000  0.04361000  0.91114998 -0.84009999 -0.84009999 -0.58802998  0.42109001
Ace Val Hie C0Asp  0.31729001 -0.55940002  0.08299000  0.13864000  0.64243001 -0.60333002 -0.22469001  0.04484000  0.04484000  0.91381001 -0.83036000 -0.83036000 -0.56876999  0.43098000
Ace Val Hid C0Asp  0.31568000 -0.55707002  0.08296000  0.13840000  0.64250999 -0.60241002 -0.22607000  0.04412000  0.04412000  0.91443002 -0.82783997 -0.82783997 -0.56823999  0.43303001
Ace Val Trp C0Asp  0.31564000 -0.55912000  0.08307000  0.13604000  0.64375001 -0.60330999 -0.22487000  0.04415000  0.04415000  0.91372001 -0.82937002 -0.82937002 -0.56901002  0.43257001
Ace Val Glh C0Asp  0.31665999 -0.55015999  0.08051000  0.13920000  0.63858998 -0.60077000 -0.22370000  0.04564000  0.04564000  0.91472000 -0.82712001 -0.82712001 -0.56932998  0.43180001
Ace Val Cys C0Asp  0.31257999 -0.54921001  0.08177000  0.14012000  0.64043999 -0.60096001 -0.22457000  0.04465000  0.04465000  0.91508001 -0.82661003 -0.82661003 -0.56964999  0.43143001
Ace Val Val C0Asp  0.31413999 -0.56006002  0.08540000  0.13809000  0.64306003 -0.60000002 -0.22555999  0.04434000  0.04434000  0.91380000 -0.82893002 -0.82893002 -0.57201999  0.43119001
Ace Val Tyr C0Asp  0.31422001 -0.55517000  0.08160000  0.14313000  0.63976997 -0.60176003 -0.22666000  0.04349000  0.04349000  0.91541999 -0.82849997 -0.82849997 -0.57108998  0.43064999
Ace Val Ash C0Asp  0.31909999 -0.55479998  0.08191000  0.13777999  0.64292002 -0.59855998 -0.22556999  0.04389000  0.04389000  0.91421002 -0.82808000 -0.82808000 -0.56962001  0.43300000
Ace Val Ile C0Asp  0.31501999 -0.56019002  0.08449000  0.13768999  0.64274001 -0.60162997 -0.22548001  0.04473000  0.04473000  0.91372001 -0.82915998 -0.82915998 -0.57067001  0.43176001
Ace Val Thr C0Asp  0.31066999 -0.55633998  0.08285000  0.14049999  0.63897997 -0.60822999 -0.22334000  0.04457000  0.04457000  0.91497999 -0.82779002 -0.82779002 -0.56866997  0.42864999
Ace Val Asn C0Asp  0.31915000 -0.55567002  0.08111000  0.13745999  0.64244002 -0.59729999 -0.22434001  0.04225000  0.04225000  0.91400999 -0.82808000 -0.82808000 -0.57046998  0.43226999
Ace Val Ser C0Asp  0.31123999 -0.56531000  0.08414001  0.13889000  0.64244002 -0.60267001 -0.22521999  0.04374000  0.04374000  0.91346997 -0.82866001 -0.82866001 -0.56942999  0.43173999
Ace Val Phe C0Asp  0.31578001 -0.55637998  0.08262000  0.13615000  0.64354002 -0.59932000 -0.22518000  0.04453000  0.04453000  0.91345000 -0.82865000 -0.82865000 -0.57089001  0.43255999
Ace Val Arg C0Asp  0.31108999 -0.54035997  0.07968000  0.14642000  0.63856000 -0.61754000 -0.23047000  0.04631000  0.04631000  0.91773999 -0.81840002 -0.81840002 -0.55926001  0.43454001
Ace Val Asp C0Asp  0.32095000 -0.56882000  0.09054000  0.12720001  0.64298999 -0.59868002 -0.21472000  0.04766000  0.04766000  0.90864003 -0.84485000 -0.84485000 -0.58361000  0.42005000
Ace Val Gln C0Asp  0.31483001 -0.54749000  0.08184000  0.13580000  0.63948000 -0.60039002 -0.22366001  0.04538000  0.04538000  0.91333002 -0.82806998 -0.82806998 -0.56932002  0.43083000
Ace Val Lyn C0Asp  0.31566000 -0.55166000  0.08517000  0.13456001  0.64020997 -0.60099000 -0.22386999  0.04526000  0.04526000  0.91431999 -0.82775998 -0.82775998 -0.56887001  0.43145999
