Ace Val Hid C0Cyx -0.17851999 -0.03240000  0.09085000  0.09085000  0.08484000  0.12226000  0.61285001 -0.54746997 -0.55430001  0.32853001 -0.58788001  0.45032999
Ace Val Leu C0Cyx -0.17648999 -0.03576000  0.09089000  0.09089000  0.08701001  0.12398000  0.61721999 -0.54487002 -0.55926001  0.33226001 -0.59372002  0.45119000
Ace Val Gly C0Cyx -0.18257999 -0.03021000  0.09144000  0.09144000  0.08499000  0.12450000  0.61268997 -0.54773003 -0.55975002  0.32365999 -0.59218001  0.45096999
Ace Val Asn C0Cyx -0.17348000 -0.03202000  0.08987000  0.08987000  0.08152000  0.12077000  0.61318999 -0.54828000 -0.55157000  0.33063000 -0.58743000  0.45142001
Ace Val Hie C0Cyx -0.17837000 -0.03195000  0.09270000  0.09270000  0.08804000  0.12403000  0.61333001 -0.55119997 -0.55373001  0.32898000 -0.58890003  0.44814000
Ace Val Gln C0Cyx -0.17752001 -0.03271000  0.09309000  0.09309000  0.08819000  0.12412000  0.61365002 -0.54812002 -0.55365002  0.33248001 -0.59364998  0.44901001
Ace Val Hip C0Cyx -0.20716000 -0.03030000  0.09377000  0.09377000  0.07539000  0.12604000  0.61124998 -0.52428001 -0.53922999  0.32526001 -0.59947002  0.45949000
Ace Val Cyx C0Cyx -0.13940000 -0.04125000  0.10522000  0.10522000  0.07358000  0.12165000  0.61366999 -0.54874003 -0.55719000  0.32749000 -0.58609998  0.44901002
Ace Val Met C0Cyx -0.18399000 -0.03279000  0.09336000  0.09336000  0.08692000  0.12474000  0.61317003 -0.54437000 -0.55361998  0.33037001 -0.59570003  0.45142999
Ace Val Val C0Cyx -0.17811000 -0.03487000  0.09116000  0.09116000  0.08881000  0.12316000  0.61689001 -0.54556000 -0.56206000  0.32846001 -0.59394997  0.45117000
Ace Val Ile C0Cyx -0.18016000 -0.03383000  0.09084000  0.09084000  0.08753000  0.12502000  0.61566001 -0.54701000 -0.56142998  0.32850000 -0.59254003  0.45091000
Ace Val Glh C0Cyx -0.18213999 -0.03548000  0.09389000  0.09389000  0.08524000  0.12567000  0.61703002 -0.54009998 -0.55495000  0.33333000 -0.60169000  0.45304000
Ace Val Lys C0Cyx -0.18876000 -0.03173000  0.09410000  0.09410000  0.07281000  0.12792000  0.61321002 -0.52491999 -0.54835999  0.32839000 -0.60347998  0.45980999
Ace Val Cys C0Cyx -0.18441000 -0.03134000  0.09269000  0.09269000  0.08492000  0.12574001  0.61236000 -0.54449999 -0.55198002  0.32554999 -0.58825999  0.45198000
Ace Val Asp C0Cyx -0.14161000 -0.03366000  0.08745000  0.08745000  0.09142000  0.12087000  0.61104000 -0.58012003 -0.56484997  0.33173001 -0.57261002  0.43941000
Ace Val Glu C0Cyx -0.13093000 -0.03730000  0.08803000  0.08803000  0.09180000  0.11903000  0.61356002 -0.57542002 -0.56098997  0.34233001 -0.57809001  0.44067002
Ace Val Pro C0Cyx -0.17499000 -0.03169000  0.09002000  0.09002000  0.08403000  0.12450000  0.61519003 -0.54782998 -0.56237000  0.32607001 -0.59209001  0.45117000
Ace Val Ala C0Cyx -0.18050000 -0.03328000  0.09401000  0.09401000  0.08608000  0.12683000  0.61263001 -0.54468000 -0.55550999  0.32692000 -0.59810001  0.44922000
Ace Val Trp C0Cyx -0.17654000 -0.03735000  0.09624000  0.09624000  0.09452000  0.12105000  0.61611003 -0.55277002 -0.55177999  0.33667999 -0.58802003  0.44725999
Ace Val Ash C0Cyx -0.17665000 -0.03141000  0.09079001  0.09079001  0.07920000  0.12288000  0.61163002 -0.54732001 -0.54689002  0.32954002 -0.58778000  0.45174000
Ace Val Lyn C0Cyx -0.18697999 -0.03136000  0.09395000  0.09395000  0.08865000  0.12576000  0.61357999 -0.54597002 -0.55915999  0.32802001 -0.59648001  0.44857001
Ace Val Ser C0Cyx -0.18337999 -0.03164000  0.09215000  0.09215000  0.08838000  0.12538999  0.61312002 -0.54834002 -0.56231999  0.32494000 -0.59276998  0.44979000
Ace Val Thr C0Cyx -0.18712000 -0.03062000  0.09338000  0.09338000  0.09009000  0.12694000  0.61413997 -0.54896998 -0.56374001  0.32429001 -0.59610999  0.44830999
Ace Val Phe C0Cyx -0.17889000 -0.03165000  0.09092000  0.09092000  0.08485000  0.12278000  0.61194003 -0.54883999 -0.55528003  0.32767999 -0.58849001  0.44979000
Ace Val Arg C0Cyx -0.21644001 -0.02822000  0.09857000  0.09857000  0.08740000  0.12827000  0.61559999 -0.52823001 -0.55374998  0.32826999 -0.61171001  0.44909999
Ace Val Tyr C0Cyx -0.17936000 -0.03083000  0.09101000  0.09101000  0.08458000  0.12345000  0.61167997 -0.54839999 -0.55549997  0.32754999 -0.58995003  0.45038000
