Ace Val Hie C0Cys  0.20469000 -0.35780999 -0.01803000  0.09812000  0.09812000  0.06743000  0.11921000  0.62436998 -0.53871000 -0.57934999  0.33568001 -0.59741002  0.45220000
Ace Val Met C0Cys  0.20102000 -0.34426999 -0.02629000  0.09888000  0.09888000  0.06923000  0.12242000  0.61794001 -0.53511000 -0.57091999  0.33755001 -0.59780997  0.45282999
Ace Val Hid C0Cys  0.19769000 -0.34770000 -0.02149000  0.09835000  0.09835000  0.06889000  0.12063000  0.61998999 -0.53472000 -0.57599002  0.33643001 -0.59770000  0.45355001
Ace Val Thr C0Cys  0.20410000 -0.35282999 -0.02167000  0.09911000  0.09911000  0.06979999  0.12241000  0.61974001 -0.53921998 -0.57633001  0.32949999 -0.60241997  0.45087001
Ace Val Glh C0Cys  0.20241999 -0.34667999 -0.02337000  0.09976000  0.09976000  0.06592000  0.12386000  0.61975002 -0.53539002 -0.56849003  0.33607000 -0.59921998  0.45308000
Ace Val Val C0Cys  0.20271000 -0.35203999 -0.02248000  0.09600000  0.09600000  0.07212000  0.12131000  0.62321001 -0.53612000 -0.57819003  0.33507001 -0.59750998  0.45229000
Ace Val Leu C0Cys  0.20358001 -0.35385999 -0.02194000  0.09480000  0.09480000  0.07280000  0.12046000  0.62244999 -0.53459001 -0.57523000  0.33678001 -0.59824002  0.45214999
Ace Val Gln C0Cys  0.20803000 -0.35668000 -0.02284000  0.09617000  0.09617000  0.07047000  0.12579000  0.61725003 -0.53947002 -0.56204998  0.33499000 -0.59843999  0.45096001
Ace Val Pro C0Cys  0.20530001 -0.36028000 -0.02376000  0.09510000  0.09510000  0.07732000  0.12138000  0.62032998 -0.53965002 -0.57994002  0.33044002 -0.59808999  0.45100001
Ace Val Cys C0Cys  0.20089000 -0.34584001 -0.02442000  0.09934000  0.09934000  0.06819000  0.12526000  0.61953998 -0.53614998 -0.57185000  0.33546999 -0.59731001  0.45315000
Ace Val Ile C0Cys  0.20422000 -0.35495001 -0.02281000  0.09503000  0.09503000  0.07414000  0.12185000  0.62203002 -0.53606999 -0.57415003  0.33583999 -0.59808999  0.45232001
Ace Val Glu C0Cys  0.21065000 -0.37248001 -0.01568000  0.09089000  0.09089000  0.07622000  0.11961000  0.62000000 -0.53369999 -0.57839000  0.33644000 -0.60929001  0.44365001
Ace Val Asn C0Cys  0.20209000 -0.35135999 -0.02156000  0.09663000  0.09663000  0.06734000  0.12075000  0.61916000 -0.53280002 -0.57300001  0.33996001 -0.59767002  0.45299000
Ace Val Cyx C0Cys  0.20339000 -0.35304999 -0.02095000  0.10086000  0.10086000  0.06989000  0.12569000  0.61396998 -0.53605002 -0.56586999  0.32911000 -0.60615998  0.45067999
Ace Val Asp C0Cys  0.22006001 -0.37823001 -0.01790000  0.08897000  0.08897000  0.07597000  0.11670000  0.62295002 -0.53996003 -0.58306003  0.33816999 -0.60970998  0.43917999
Ace Val Ash C0Cys  0.20355999 -0.34909999 -0.02310000  0.09667000  0.09667000  0.06833000  0.12055000  0.61917001 -0.53410000 -0.57170999  0.33978999 -0.59654999  0.45331001
Ace Val Trp C0Cys  0.20152999 -0.35367000 -0.01906000  0.09780000  0.09780000  0.06852000  0.11922000  0.62171000 -0.53544003 -0.57748997  0.33665001 -0.59843999  0.45212000
Ace Val Lys C0Cys  0.20381000 -0.36177999 -0.01807000  0.09669999  0.09669999  0.06391000  0.12726999  0.61985999 -0.53241998 -0.56761998  0.34014001 -0.58872998  0.46239999
Ace Val Ser C0Cys  0.20427000 -0.35518000 -0.02391000  0.10004000  0.10004000  0.06999000  0.12307000  0.61940998 -0.54042000 -0.57542998  0.33237999 -0.59701002  0.45157999
Ace Val Phe C0Cys  0.20169001 -0.35027998 -0.02365000  0.09757000  0.09757000  0.06968000  0.12108001  0.61980999 -0.53631002 -0.57520997  0.33730000 -0.59784001  0.45244000
Ace Val Hip C0Cys  0.18690001 -0.33241001 -0.02422000  0.10453000  0.10453000  0.05858000  0.12647000  0.61954999 -0.53268999 -0.56086999  0.33305001 -0.59030002  0.46344000
Ace Val Gly C0Cys  0.20012000 -0.34898001 -0.02044000  0.09810000  0.09810000  0.06980000  0.12040000  0.62023997 -0.53580999 -0.57884002  0.33153000 -0.59972000  0.45297000
Ace Val Lyn C0Cys  0.20444000 -0.34966999 -0.02558000  0.09803000  0.09803000  0.07037000  0.12197000  0.61922002 -0.53833002 -0.56726998  0.33651998 -0.59860999  0.45197001
Ace Val Tyr C0Cys  0.20085999 -0.35148999 -0.02289000  0.09769000  0.09769000  0.07113000  0.12070000  0.61778998 -0.53443003 -0.57323998  0.33690000 -0.59944999  0.45247999
Ace Val Arg C0Cys  0.20023000 -0.33638999 -0.02986000  0.10242000  0.10242000  0.06217000  0.12694000  0.62395000 -0.54392999 -0.56217003  0.33396000 -0.59241003  0.45651001
Ace Val Ala C0Cys  0.20423000 -0.34941000 -0.02435000  0.09756000  0.09756000  0.07117000  0.12246000  0.62007999 -0.53855997 -0.57134998  0.33678999 -0.59723002  0.45243999
