Ace Val Gln C0Glu  0.33228999 -0.53135002  0.06341000  0.10196000  0.62616002 -0.56024999 -0.07015001  0.07476000  0.07476000 -0.21274001  0.02353000  0.02353000  0.91342997 -0.84013999 -0.84013999 -0.61326999  0.43494999
Ace Val Glu C0Glu  0.33339000 -0.54373998  0.07220000  0.09683000  0.62519997 -0.58517999 -0.06818000  0.06669999  0.06669999 -0.20506001  0.02994000  0.02994000  0.91087001 -0.85162997 -0.85162997 -0.60040999  0.42645001
Ace Val Tyr C0Glu  0.32617000 -0.54167002  0.06436000  0.10591001  0.62669999 -0.56207001 -0.07061000  0.07021000  0.07021000 -0.20895999  0.02491000  0.02491000  0.91250998 -0.84201002 -0.84201002 -0.61002999  0.43430001
Ace Val Ala C0Glu  0.32870000 -0.53131998  0.06515000  0.10644000  0.62225002 -0.55830002 -0.06771000  0.07207000  0.07207000 -0.20991001  0.02524000  0.02524000  0.91236001 -0.84012002 -0.84012002 -0.61734003  0.43312001
Ace Val Lyn C0Glu  0.33098999 -0.53279000  0.06517000  0.10288000  0.62570000 -0.55826998 -0.06970000  0.07521000  0.07521000 -0.21353000  0.02309000  0.02309000  0.91371000 -0.83963001 -0.83963001 -0.61655998  0.43461999
Ace Val Val C0Glu  0.32910001 -0.55026001  0.06848000  0.09693000  0.63489002 -0.56507999 -0.07212000  0.07122000  0.07122000 -0.21219000  0.02551000  0.02551000  0.91276997 -0.84249002 -0.84249002 -0.60562003  0.43577001
Ace Val Hie C0Glu  0.33024001 -0.54087001  0.06551000  0.10148000  0.62873000 -0.56353998 -0.07244000  0.07290000  0.07290000 -0.21188000  0.02356000  0.02356000  0.91288000 -0.84131002 -0.84131002 -0.60896999  0.43417001
Ace Val Ser C0Glu  0.32369000 -0.54560000  0.06756000  0.10841000  0.62345999 -0.56044000 -0.07130000  0.07176000  0.07176000 -0.20894000  0.02299000  0.02299000  0.91262001 -0.84057999 -0.84057999 -0.61335999  0.43226001
Ace Val Glh C0Glu  0.33282000 -0.52947003  0.06105000  0.10534000  0.62502998 -0.55601001 -0.06896000  0.07527000  0.07527000 -0.21428999  0.02310000  0.02310000  0.91402000 -0.83888000 -0.83888000 -0.61759001  0.43605000
Ace Val Asp C0Glu  0.32894001 -0.55813002  0.07422000  0.09784000  0.62950999 -0.58169001 -0.07141000  0.06411000  0.06411000 -0.20275999  0.03183000  0.03183000  0.91031999 -0.85346001 -0.85346001 -0.60685998  0.42310000
Ace Val Asn C0Glu  0.33252999 -0.53887999  0.06396000  0.10278000  0.62879002 -0.56257999 -0.07032001  0.07074000  0.07074000 -0.21092001  0.02440000  0.02440000  0.91264999 -0.84187001 -0.84187001 -0.60619998  0.43553000
Ace Val Hid C0Glu  0.33102000 -0.54786003  0.06661000  0.09644000  0.63559001 -0.56449998 -0.07170000  0.07039000  0.07039000 -0.21170001  0.02570000  0.02570000  0.91263997 -0.84245998 -0.84245998 -0.60359001  0.43680000
Ace Val Gly C0Glu  0.32813000 -0.54547000  0.06654000  0.10143000  0.62972998 -0.56291002 -0.07084000  0.07246000  0.07246000 -0.21216001  0.02393000  0.02393000  0.91319000 -0.84145999 -0.84145999 -0.60962999  0.43502000
Ace Val Met C0Glu  0.33164001 -0.53526002  0.06339000  0.10230000  0.62775999 -0.56107002 -0.06731000  0.07327000  0.07327000 -0.21402000  0.02435000  0.02435000  0.91374999 -0.83973002 -0.83973002 -0.61039001  0.43676999
Ace Val Cys C0Glu  0.32879999 -0.53567999  0.06517000  0.10363000  0.62923998 -0.56132001 -0.06913000  0.07382000  0.07382000 -0.21333000  0.02393000  0.02393000  0.91349000 -0.83986002 -0.83986002 -0.60979998  0.43619001
Ace Val Phe C0Glu  0.33000001 -0.54759002  0.06699000  0.09722000  0.63410997 -0.56393999 -0.07202000  0.07098000  0.07098000 -0.21218001  0.02472000  0.02472000  0.91302001 -0.84166998 -0.84166998 -0.60567999  0.43634999
Ace Val Lys C0Glu  0.33386999 -0.52432001  0.06182000  0.10185000  0.62317002 -0.54622001 -0.07094000  0.07418000  0.07418000 -0.21494000  0.02242000  0.02242000  0.91483998 -0.83607000 -0.83607000 -0.61249000  0.44090000
Ace Val Leu C0Glu  0.32964000 -0.54683000  0.06779000  0.09767000  0.63326001 -0.56417000 -0.07159000  0.07108000  0.07108000 -0.21174000  0.02477000  0.02477000  0.91297001 -0.84227002 -0.84227002 -0.60653001  0.43562999
Ace Val Pro C0Glu  0.32370001 -0.55707002  0.06943000  0.10277000  0.62957001 -0.56827998 -0.06972000  0.06904000  0.06904000 -0.20798001  0.02429000  0.02429000  0.91171003 -0.84354001 -0.84354001 -0.60588002  0.43399999
Ace Val Trp C0Glu  0.32741999 -0.54236001  0.06356000  0.10322000  0.62919003 -0.56335998 -0.07069000  0.07138000  0.07138000 -0.21104001  0.02426000  0.02426000  0.91272002 -0.84166998 -0.84166998 -0.60868001  0.43463999
Ace Val Thr C0Glu  0.32644999 -0.53978997  0.06677000  0.10497000  0.62511999 -0.55834001 -0.06968999  0.07439000  0.07439000 -0.21268000  0.02241000  0.02241000  0.91337001 -0.83998000 -0.83998000 -0.62027001  0.43373999
Ace Val Hip C0Glu  0.32506999 -0.52301002  0.05805000  0.11581000  0.62022000 -0.54078001 -0.06905000  0.07377000  0.07377000 -0.21107000  0.02008000  0.02008000  0.91459000 -0.83538997 -0.83538997 -0.61726999  0.44284001
Ace Val Arg C0Glu  0.32900000 -0.52407998  0.06407000  0.10696000  0.62162000 -0.54157001 -0.06848000  0.07888000  0.07888000 -0.21738000  0.02125000  0.02125000  0.91544998 -0.83252001 -0.83252001 -0.63226998  0.43526000
Ace Val Ile C0Glu  0.32958001 -0.55129999  0.06717000  0.09725000  0.63489998 -0.56525999 -0.07211000  0.07149000  0.07149000 -0.21246999  0.02511000  0.02511000  0.91312999 -0.84241003 -0.84241003 -0.60527998  0.43582001
Ace Val Cyx C0Glu  0.32486999 -0.53792000  0.06594000  0.10673000  0.62395000 -0.55505002 -0.06908000  0.07631000  0.07631000 -0.21370000  0.02191000  0.02191000  0.91355997 -0.83889002 -0.83889002 -0.62481999  0.43380001
Ace Val Ash C0Glu  0.33144999 -0.53548002  0.06335000  0.10451000  0.62704003 -0.56107003 -0.07176000  0.07223000  0.07223000 -0.21101999  0.02388000  0.02388000  0.91302001 -0.84056997 -0.84056997 -0.60790998  0.43557000
