Ace Val Gly C0Gln  0.31226999 -0.67598998  0.31226999  0.65794998 -0.61093002 -0.15403999  0.06942000  0.06942000 -0.08144000  0.08352000  0.08352000  0.06779000  0.11674000  0.60802001 -0.54357999 -0.55691999  0.31461001 -0.60723001  0.44878000
Ace Val Leu C0Gln  0.31187001 -0.67628002  0.31187001  0.65955001 -0.61280000 -0.15634000  0.07196000  0.07196000 -0.08120000  0.08268000  0.08268000  0.06898000  0.11642000  0.60755002 -0.54912001 -0.55195999  0.31608000 -0.60598999  0.44773000
Ace Val Ala C0Gln  0.31147999 -0.67822999  0.31147999  0.65986001 -0.60784000 -0.15639000  0.06702000  0.06702000 -0.08445000  0.08471000  0.08471000  0.06560000  0.12289000  0.61308998 -0.54281998 -0.56259000  0.32516000 -0.60610002  0.45084000
Ace Val Met C0Gln  0.31167999 -0.67632002  0.31167999  0.65938002 -0.60926998 -0.15508001  0.06708000  0.06708000 -0.08849000  0.08485000  0.08485000  0.06979000  0.11798000  0.61664999 -0.54821003 -0.56742001  0.33026001 -0.59701997  0.45071000
Ace Val Cyx C0Gln  0.31208000 -0.67912000  0.31208000  0.65933001 -0.60417002 -0.15673999  0.06382000  0.06382000 -0.08055000  0.08969000  0.08969000  0.06802000  0.12412000  0.60470998 -0.53974998 -0.55059999  0.31281000 -0.60899001  0.44953999
Ace Val Glu C0Gln  0.31025001 -0.68011999  0.31025001  0.66130000 -0.61997998 -0.15504000  0.07258000  0.07258000 -0.07888000  0.07935000  0.07935000  0.07251000  0.11700000  0.60714000 -0.56753999 -0.56229001  0.31503999 -0.59302998  0.43860999
Ace Val Hip C0Gln  0.31648001 -0.67066997  0.31648001  0.65823001 -0.60112000 -0.15854999  0.06164000  0.06164000 -0.08674000  0.09165000  0.09165000  0.06790000  0.12654000  0.60663998 -0.51550001 -0.54838002  0.31452000 -0.62854999  0.45480999
Ace Val Trp C0Gln  0.31158000 -0.67671001  0.31158000  0.65866000 -0.61448997 -0.15357000  0.07298000  0.07298000 -0.08099000  0.08096000  0.08096000  0.06728000  0.11428000  0.61076999 -0.54931003 -0.55615002  0.31852001 -0.60438001  0.44817001
Ace Val Glh C0Gln  0.31246999 -0.67653000  0.31246999  0.65929001 -0.60777003 -0.15592000  0.06624000  0.06624000 -0.08123000  0.08630000  0.08630000  0.06179000  0.12234000  0.60799003 -0.53959000 -0.55050999  0.31975001 -0.60868001  0.45106000
Ace Val Asp C0Gln  0.30676001 -0.68413001  0.30676001  0.66167998 -0.61724001 -0.15358999  0.07353000  0.07353000 -0.08146000  0.07692000  0.07692000  0.07321000  0.11599000  0.60913002 -0.57454997 -0.56809998  0.32381999 -0.59302002  0.43920001
Ace Val Asn C0Gln  0.31189999 -0.67636001  0.31189999  0.65981001 -0.60931999 -0.15719000  0.07100000  0.07100000 -0.08423000  0.08270000  0.08270000  0.07088000  0.12021000  0.60908002 -0.54538000 -0.55675000  0.32313001 -0.61098999  0.44773000
Ace Val Lys C0Gln  0.31575999 -0.67137998  0.31575999  0.65898001 -0.60902000 -0.15787999  0.06855000  0.06855000 -0.08637000  0.08751000  0.08751000  0.06624000  0.11803000  0.61647999 -0.54562002 -0.55672002  0.32642001 -0.60352999  0.45096001
Ace Val Ile C0Gln  0.31128001 -0.67760998  0.31128001  0.66027999 -0.61013001 -0.15659000  0.06864000  0.06864000 -0.08343000  0.08429000  0.08429000  0.06717000  0.12341000  0.61030000 -0.54707998 -0.56116998  0.32106000 -0.60711002  0.44887000
Ace Val Tyr C0Gln  0.31200001 -0.67658001  0.31200001  0.65793002 -0.60935998 -0.15399000  0.07146000  0.07146000 -0.08189000  0.08043000  0.08043000  0.06731000  0.11612000  0.60828000 -0.54377002 -0.55238998  0.31731999 -0.60821998  0.44920999
Ace Val Cys C0Gln  0.31136000 -0.67729002  0.31136000  0.66005999 -0.61026001 -0.15571000  0.06821000  0.06821000 -0.08533000  0.08621000  0.08621000  0.06751000  0.12267000  0.61412001 -0.54699999 -0.56090999  0.32359001 -0.60126001  0.45047000
Ace Val Ash C0Gln  0.31189001 -0.67778999  0.31189001  0.66022003 -0.60927999 -0.15589000  0.06808000  0.06808000 -0.08391000  0.08684000  0.08684000  0.06778000  0.11974000  0.61083001 -0.54211003 -0.55807000  0.32115999 -0.60865003  0.44898000
Ace Val Ser C0Gln  0.31139001 -0.67750001  0.31139001  0.65946001 -0.60869998 -0.15344000  0.06731000  0.06731000 -0.08327000  0.08232000  0.08232000  0.06618000  0.12415000  0.60977000 -0.54084003 -0.56323999  0.31768000 -0.61247999  0.44962001
Ace Val Arg C0Gln  0.31461000 -0.67478001  0.31461000  0.65728003 -0.60522998 -0.15494999  0.06285000  0.06285000 -0.08077000  0.08580000  0.08580000  0.05371000  0.12342000  0.60547000 -0.52469999 -0.54207999  0.31714001 -0.61177999  0.45699000
Ace Val Pro C0Gln  0.31338001 -0.67953002  0.31338001  0.65713001 -0.60597002 -0.15886999  0.06697000  0.06697000 -0.08130999  0.08432000  0.08432000  0.07192000  0.12477000  0.60527998 -0.54363000 -0.56612003  0.31090001 -0.61584997  0.44670999
Ace Val Phe C0Gln  0.31178999 -0.67558998  0.31178999  0.65793002 -0.61484998 -0.15413000  0.07484000  0.07484000 -0.08161000  0.08002000  0.08002000  0.06814000  0.11384000  0.60961998 -0.54916000 -0.55269003  0.31818000 -0.60566997  0.44920999
Ace Val Thr C0Gln  0.31064999 -0.68032998  0.31064999  0.65844000 -0.60768002 -0.15331000  0.06614000  0.06614000 -0.08225000  0.08510000  0.08510000  0.06453000  0.12305000  0.61171001 -0.54576999 -0.56562000  0.31909999 -0.60449999  0.44953001
Ace Val Hid C0Gln  0.31219000 -0.67654997  0.31219000  0.65902001 -0.61281002 -0.15692000  0.07383000  0.07383000 -0.08031000  0.08173000  0.08173000  0.06688000  0.11569000  0.61023003 -0.54442001 -0.55334997  0.31777999 -0.60970998  0.44903001
Ace Val Hie C0Gln  0.31132999 -0.67909998  0.31132999  0.65934002 -0.60908997 -0.15400000  0.06755000  0.06755000 -0.08086000  0.08507000  0.08507000  0.06468000  0.12093000  0.60821003 -0.54124999 -0.55597001  0.31990001 -0.61049002  0.44863000
Ace Val Lyn C0Gln  0.31156999 -0.67732000  0.31156999  0.65867001 -0.60921001 -0.15490000  0.06616000  0.06616000 -0.08424000  0.08554000  0.08554000  0.06555000  0.12165000  0.61228001 -0.54492003 -0.56099999  0.32315999 -0.60323000  0.45078001
Ace Val Gln C0Gln  0.31176001 -0.67799002  0.31176001  0.65924001 -0.60869002 -0.15453000  0.06691000  0.06691000 -0.08198000  0.08588000  0.08588000  0.06326000  0.12149000  0.61006999 -0.54086000 -0.55401999  0.32060000 -0.60675001  0.45001000
Ace Val Val C0Gln  0.31156999 -0.67694002  0.31156999  0.65974998 -0.60947001 -0.15713000  0.06712000  0.06712000 -0.08127000  0.08647000  0.08647000  0.06640000  0.12283000  0.60614002 -0.54333001 -0.55412000  0.31626999 -0.61132997  0.44850001
