Ace Val Cys C0Glh  0.32266000 -0.56844997  0.07507000  0.12350000  0.61532003 -0.54610002 -0.09357000  0.08317000  0.08317000 -0.13391000  0.08848000  0.08848000  0.63515001 -0.54532999 -0.60747999  0.44769999 -0.59429002  0.45017001
Ace Val Cyx C0Glh  0.32843000 -0.57032001  0.07403000  0.12436000  0.61953002 -0.55135000 -0.09451000  0.08422000  0.08422000 -0.13463999  0.08833000  0.08833000  0.63562000 -0.54497999 -0.60865998  0.44712999 -0.59048998  0.45172000
Ace Val Gln C0Glh  0.32576999 -0.56770998  0.07336000  0.12247000  0.61342001 -0.54803002 -0.09269000  0.08315000  0.08315000 -0.13563999  0.08980000  0.08980000  0.63581002 -0.54671001 -0.60767001  0.44703999 -0.59404999  0.44999999
Ace Val Ash C0Glh  0.33181000 -0.57256001  0.07443000  0.11996000  0.61980999 -0.54536998 -0.09807000  0.08347000  0.08347000 -0.13426000  0.08767000  0.08767000  0.63502997 -0.54558003 -0.60746002  0.44720000 -0.59325999  0.45176000
Ace Val Glh C0Glh  0.32953000 -0.57077998  0.07081000  0.12354000  0.61546999 -0.54891002 -0.09284000  0.08365000  0.08365000 -0.13538000  0.08891000  0.08891000  0.63591999 -0.54554999 -0.60740000  0.44731000 -0.59193999  0.45177999
Ace Val Lyn C0Glh  0.32312000 -0.56843001  0.07627000  0.12052000  0.61234999 -0.54825997 -0.09195000  0.08347000  0.08347000 -0.13599000  0.08974000  0.08974000  0.63555997 -0.54561001 -0.60731000  0.44764000 -0.59609997  0.44936001
Ace Val Met C0Glh  0.32944000 -0.56971002  0.07183000  0.12449000  0.61359000 -0.54617000 -0.09254000  0.08285000  0.08285000 -0.13500001  0.08910000  0.08910000  0.63541001 -0.54576999 -0.60740000  0.44734001 -0.59460998  0.45098999
Ace Val Lys C0Glh  0.32819000 -0.56388003  0.06990000  0.12249000  0.61774999 -0.54009998 -0.09645000  0.08425000  0.08425000 -0.13443001  0.08588000  0.08588000  0.63189000 -0.54214001 -0.60676998  0.45214000 -0.58947998  0.45813998
Ace Val Thr C0Glh  0.32006002 -0.57616001  0.07560000  0.12317001  0.61385000 -0.55290997 -0.09252000  0.08312001  0.08312001 -0.13544000  0.08929000  0.08929000  0.63577003 -0.54641002 -0.60768002  0.44647000 -0.59509998  0.44839001
Ace Val Hie C0Glh  0.33047000 -0.57665002  0.07616000  0.11826000  0.62057000 -0.54852003 -0.09904000  0.08317000  0.08317000 -0.13418999  0.08856000  0.08856000  0.63580000 -0.54674000 -0.60891998  0.44624999 -0.59341002  0.45017999
Ace Val Asn C0Glh  0.33166999 -0.57317001  0.07427000  0.12108000  0.62005001 -0.54496998 -0.09799000  0.08223000  0.08223000 -0.13431001  0.08776000  0.08776000  0.63481998 -0.54623997 -0.60762000  0.44679001 -0.59342998  0.45130000
Ace Val Pro C0Glh  0.32438001 -0.58236998  0.07783000  0.12276000  0.61704999 -0.54908001 -0.09625000  0.07908000  0.07908000 -0.13170999  0.08852000  0.08852000  0.63502997 -0.54807001 -0.60794997  0.44661999 -0.59626001  0.44973001
Ace Val Trp C0Glh  0.32877001 -0.57476002  0.07756000  0.11657000  0.61958999 -0.54531997 -0.09941000  0.08134000  0.08134000 -0.13161000  0.08906000  0.08906000  0.63524997 -0.54751003 -0.60793000  0.44707000 -0.59794003  0.45019999
Ace Val Val C0Glh  0.32914999 -0.57628000  0.07749000  0.11793000  0.62068999 -0.54639000 -0.09942000  0.08274000  0.08274000 -0.13268000  0.08844000  0.08844000  0.63532001 -0.54707998 -0.60773999  0.44711000 -0.59531999  0.45107001
Ace Val Asp C0Glh  0.33236000 -0.58564001  0.08409000  0.11460000  0.61847001 -0.55036002 -0.09643000  0.07592000  0.07592000 -0.13557000  0.09524000  0.09524000  0.63928002 -0.55798000 -0.61113000  0.43812001 -0.60736001  0.43836999
Ace Val Hid C0Glh  0.33000001 -0.57441002  0.07497000  0.11915999  0.62011999 -0.54645997 -0.09870000  0.08319000  0.08319000 -0.13381000  0.08841000  0.08841000  0.63506001 -0.54601997 -0.60747999  0.44699001 -0.59341002  0.45173001
Ace Val Phe C0Glh  0.32977000 -0.57433999  0.07719000  0.11745000  0.62039000 -0.54632002 -0.10009000  0.08261000  0.08261000 -0.13203000  0.08853000  0.08853000  0.63532001 -0.54642999 -0.60848999  0.44703001 -0.59551001  0.45127001
Ace Val Arg C0Glh  0.32144001 -0.56277001  0.07384000  0.12513000  0.61457002 -0.56068999 -0.09250000  0.08850000  0.08850000 -0.13515000  0.08661000  0.08661000  0.63432002 -0.53851998 -0.60773999  0.45184001 -0.58530003  0.45427999
Ace Val Glu C0Glh  0.33175001 -0.57855999  0.08278001  0.11611000  0.61286998 -0.54745000 -0.09142000  0.07593000  0.07593000 -0.13832000  0.09793000  0.09793000  0.63984001 -0.56239998 -0.60778999  0.43820000 -0.60618001  0.43942002
Ace Val Ile C0Glh  0.32800999 -0.57682002  0.07834000  0.11746000  0.62027001 -0.54755998 -0.10003000  0.08390000  0.08390000 -0.13339999  0.08817000  0.08817000  0.63532001 -0.54571998 -0.60876000  0.44703001 -0.59437001  0.45094001
Ace Val Hip C0Glh  0.32170999 -0.56273002  0.06881000  0.12954000  0.61956000 -0.54951000 -0.09981000  0.08922000  0.08922000 -0.13285001  0.08046000  0.08046000  0.63028002 -0.53074998 -0.61072999  0.45488000 -0.58151001  0.46079001
Ace Val Leu C0Glh  0.32980999 -0.57492000  0.07687000  0.11783000  0.62013000 -0.54554999 -0.09931000  0.08209000  0.08209000 -0.13180000  0.08847000  0.08847000  0.63515002 -0.54644000 -0.60793000  0.44661000 -0.59634000  0.45089999
Ace Val Gly C0Glh  0.32745001 -0.57811999  0.07602000  0.12114000  0.61865997 -0.54909998 -0.09687000  0.08288000  0.08288000 -0.13416000  0.08846000  0.08846000  0.63564002 -0.54615998 -0.60808998  0.44685000 -0.59333998  0.45104000
Ace Val Tyr C0Glh  0.32764000 -0.57407999  0.07519000  0.12015000  0.62052000 -0.54848999 -0.09909000  0.08350000  0.08350000 -0.13377000  0.08713000  0.08713000  0.63529003 -0.54503000 -0.60887998  0.44705999 -0.59340000  0.45087999
Ace Val Ser C0Glh  0.32444000 -0.57529002  0.07768000  0.12176000  0.61707997 -0.54821003 -0.09675000  0.08365000  0.08365000 -0.13414000  0.08838000  0.08838000  0.63520002 -0.54593003 -0.60957998  0.44718000 -0.59527999  0.44964001
Ace Val Ala C0Glh  0.32587999 -0.57002002  0.07457000  0.12175000  0.61321998 -0.54707003 -0.09243000  0.08262000  0.08262000 -0.13393000  0.08951000  0.08951000  0.63506001 -0.54545998 -0.60750002  0.44755000 -0.59547001  0.44940001
