Ace Val Asp C0Hip  0.25622001 -0.03422000 -0.13598999  0.35721001 -0.04124000 -0.04649000  0.09916000  0.09916000  0.05964000  0.11789000  0.60773998 -0.55922002 -0.57187003  0.33083999 -0.09328000  0.25328001 -0.12495000  0.35971999 -0.57498997  0.46097001
Ace Val Gly C0Hip  0.26528001 -0.00855000 -0.13083001  0.36787999 -0.05122000 -0.04429000  0.10686000  0.10686000  0.05885000  0.12312000  0.60701001 -0.54306001 -0.56660998  0.31501001 -0.10629000  0.23892000 -0.13032000  0.36399001 -0.59167999  0.46965000
Ace Val Lys C0Hip  0.27169999  0.00441000 -0.13339000  0.36792999 -0.06479001 -0.03838000  0.10809999  0.10809999  0.05611000  0.12486000  0.61070001 -0.53783000 -0.56352002  0.31246000 -0.10134001  0.23748000 -0.12911000  0.36970001 -0.59904999  0.46851000
Ace Val Arg C0Hip  0.27074000  0.00336000 -0.13278000  0.37290999 -0.03681000 -0.04483000  0.11237000  0.11237000  0.04189000  0.12464000  0.60848999 -0.51955002 -0.55283999  0.32185000 -0.12586000  0.22583000 -0.13601000  0.35921002 -0.59125000  0.47779000
Ace Val Hie C0Hip  0.26471001 -0.01229000 -0.13560000  0.36373001 -0.04837000 -0.04398000  0.10600000  0.10600000  0.05352000  0.12024000  0.60658997 -0.53570002 -0.56229001  0.31810001 -0.10282000  0.24209000 -0.12793000  0.36339000 -0.58779001  0.46941000
Ace Val Asn C0Hip  0.26332000 -0.01217000 -0.13524001  0.36313999 -0.05756000 -0.04247000  0.10556000  0.10556000  0.05940000  0.12106000  0.60550999 -0.52772999 -0.56638998  0.32084000 -0.09340000  0.24612000 -0.12725000  0.36535999 -0.59781999  0.46812999
Ace Val Phe C0Hip  0.26565999 -0.01163000 -0.13581000  0.36388999 -0.05206000 -0.04230000  0.10568000  0.10568000  0.05526000  0.11940000  0.60474998 -0.52467000 -0.56357998  0.31613001 -0.10075000  0.24275000 -0.12792000  0.36452001 -0.59680003  0.46880001
Ace Val Ile C0Hip  0.26470000 -0.00996000 -0.12714000  0.37123001 -0.05646000 -0.04157000  0.10363000  0.10363000  0.06441000  0.12339000  0.61124999 -0.56432998 -0.56738001  0.31861001 -0.10335000  0.24075000 -0.13241000  0.36306000 -0.58408999  0.46775001
Ace Val Hip C0Hip  0.27193999  0.00568000 -0.13376000  0.36921999 -0.06478000 -0.04302000  0.11063000  0.11063000  0.05692000  0.12547000  0.60472000 -0.50296998 -0.55786997  0.31226999 -0.10095000  0.23642001 -0.13005000  0.36829999 -0.61138999  0.47576001
Ace Val Trp C0Hip  0.26546001 -0.01124000 -0.13621999  0.36419001 -0.05185000 -0.04209000  0.10586000  0.10586000  0.05426000  0.11774000  0.60456997 -0.53121001 -0.56256002  0.30853999 -0.09936000  0.24203999 -0.12883000  0.36458001 -0.59250998  0.46856001
Ace Val Ser C0Hip  0.26583999 -0.00996000 -0.13550000  0.36487999 -0.04846000 -0.04306000  0.10615000  0.10615000  0.05248000  0.12086000  0.60628003 -0.53285998 -0.55993998  0.31354001 -0.10478001  0.23965999 -0.12876000  0.36408001 -0.58703000  0.46992999
Ace Val Hid C0Hip  0.26499000 -0.01006000 -0.13562000  0.36447000 -0.05256000 -0.04230000  0.10665000  0.10665000  0.05492000  0.11851000  0.60382003 -0.52702999 -0.56352002  0.30867001 -0.09891000  0.24088000 -0.12820000  0.36513001 -0.59473002  0.46875000
Ace Val Val C0Hip  0.26434001 -0.01003000 -0.12577000  0.37088001 -0.05651000 -0.04348000  0.10410000  0.10410000  0.06853000  0.12216000  0.61039001 -0.56230003 -0.56849998  0.31869999 -0.10418000  0.24097000 -0.13225000  0.36317000 -0.58803999  0.46759001
Ace Val Tyr C0Hip  0.26475000 -0.01172000 -0.13564999  0.36388999 -0.05295000 -0.04178000  0.10532000  0.10532000  0.05507000  0.11898000  0.60579997 -0.52455002 -0.56417000  0.31694999 -0.09839000  0.24353001 -0.12853999  0.36427000 -0.59763998  0.46937999
Ace Val Cyx C0Hip  0.26534000 -0.00549000 -0.13570000  0.36153999 -0.04791000 -0.04233000  0.10659000  0.10659000  0.05446000  0.12391000  0.60527998 -0.52346999 -0.55961001  0.31318000 -0.10622000  0.23170000 -0.11844000  0.36984000 -0.59233999  0.47016001
Ace Val Met C0Hip  0.26607999 -0.00975000 -0.13740000  0.36287001 -0.05067000 -0.04029000  0.10544000  0.10544000  0.05272000  0.12075000  0.60293001 -0.50896001 -0.56141001  0.32304999 -0.10502000  0.24085000 -0.12515000  0.36638001 -0.60324001  0.46992001
Ace Val Gln C0Hip  0.26504001 -0.01074000 -0.13621999  0.36328000 -0.05297000 -0.04309000  0.10635000  0.10635000  0.04972000  0.12128000  0.60781002 -0.53325999 -0.55803001  0.32146999 -0.10138000  0.24139001 -0.12571000  0.36679000 -0.58622998  0.47059000
Ace Val Ash C0Hip  0.26499999 -0.01122000 -0.13508999  0.36344001 -0.05538000 -0.04404000  0.10724000  0.10724000  0.05835000  0.12081000  0.60746998 -0.52882999 -0.56541002  0.32268000 -0.09725000  0.24400000 -0.12759000  0.36485001 -0.59381998  0.47062001
Ace Val Glu C0Hip  0.25986001 -0.02330000 -0.13369000  0.35907999 -0.06295000 -0.03836000  0.09629000  0.09629000  0.05320000  0.12369000  0.60793001 -0.55334002 -0.56458002  0.31865001 -0.08860000  0.25316000 -0.12149000  0.37191001 -0.58056998  0.45890001
Ace Val Lyn C0Hip  0.26530999 -0.00822000 -0.13496999  0.36543000 -0.04585000 -0.04494000  0.10677000  0.10677000  0.05341000  0.11979000  0.60657001 -0.52416003 -0.56424999  0.32337999 -0.10823000  0.23760000 -0.12943999  0.36342001 -0.59215999  0.47113001
Ace Val Cys C0Hip  0.26464999 -0.00952000 -0.13584000  0.36346999 -0.05318000 -0.04087000  0.10608000  0.10608000  0.05310000  0.12251000  0.60359001 -0.52275997 -0.55600000  0.31514999 -0.09838000  0.23964000 -0.12492000  0.36579999 -0.59393001  0.47053999
Ace Val Leu C0Hip  0.26328000 -0.01138000 -0.12291000  0.37057000 -0.06116000 -0.04637000  0.10349000  0.10349000  0.07773000  0.12394000  0.61017001 -0.57103002 -0.57216001  0.32622001 -0.09972000  0.24393000 -0.13288000  0.36252999 -0.59044999  0.46586001
Ace Val Pro C0Hip  0.26346001 -0.01236000 -0.12741999  0.36664000 -0.05516000 -0.04587000  0.10274000  0.10274000  0.07521000  0.12418000  0.60768002 -0.55193001 -0.57591999  0.32337999 -0.10051000  0.24279000 -0.12995000  0.36311999 -0.59951001  0.46557000
Ace Val Thr C0Hip  0.26495001 -0.00977000 -0.13583000  0.36408001 -0.04565000 -0.04325000  0.10561000  0.10561000  0.05031000  0.12177000  0.60566002 -0.52278000 -0.56290001  0.31852999 -0.10528000  0.23728999 -0.12677000  0.36377001 -0.59435999  0.46959999
Ace Val Glh C0Hip  0.26515999 -0.01089000 -0.13534001  0.36394000 -0.05183000 -0.04348000  0.10674000  0.10674000  0.05091000  0.12279000  0.60734999 -0.52855003 -0.55848998  0.32211000 -0.10407000  0.24253000 -0.12638000  0.36576000 -0.58929998  0.47158000
Ace Val Ala C0Hip  0.26578000 -0.00914000 -0.13333000  0.36673000 -0.04825000 -0.04204000  0.10617000  0.10617000  0.05307000  0.12316000  0.60588998 -0.52767003 -0.56364000  0.32067999 -0.10869000  0.23883000 -0.12929000  0.36434999 -0.59298998  0.47045001
