Ace Val Gly C0Hid  0.06268000  0.39357999 -0.30478001  0.30219001 -0.23735000 -0.01658000  0.07037000  0.07037000  0.06921000  0.12694000  0.62040001 -0.54848999 -0.57113999  0.32113001  0.31641000  0.04744000 -0.66753000 -0.59509999  0.44815001
Ace Val Ser C0Hid  0.06303000  0.39532000 -0.30355999  0.30263999 -0.23638000 -0.01045000  0.06942000  0.06942000  0.06936000  0.12559000  0.61405998 -0.53770000 -0.56852001  0.31953001  0.31637999  0.04461000 -0.66830999 -0.60794002  0.44872001
Ace Val Arg C0Hid  0.06848000  0.40728000 -0.30192000  0.30223000 -0.24996000  0.00352000  0.06253000  0.06253000  0.05485000  0.12637000  0.60911000 -0.51706999 -0.54870999  0.32122999  0.32122999  0.04223000 -0.66235000 -0.61513001  0.45691001
Ace Val Phe C0Hid  0.06248000  0.39390001 -0.30395999  0.30296001 -0.23801000 -0.01596000  0.07145000  0.07145000  0.07026001  0.12309000  0.61716998 -0.54281997 -0.56713003  0.32475999  0.31819999  0.04592000 -0.66870999 -0.59899002  0.44786999
Ace Val Hip C0Hid  0.07108000  0.41075000 -0.30182001  0.30390000 -0.25687999 -0.00317000  0.06861000  0.06861000  0.06941000  0.12935000  0.61023003 -0.52099002 -0.55205000  0.31663000  0.32517999  0.04297000 -0.66136003 -0.61716998  0.45513001
Ace Val Val C0Hid  0.06237000  0.39379001 -0.30417001  0.30417001 -0.23924001 -0.01602000  0.07190000  0.07190000  0.06892000  0.12183000  0.61912000 -0.54706001 -0.57097000  0.32532999  0.31694001  0.04623000 -0.66836000 -0.59390998  0.44832000
Ace Val Trp C0Hid  0.06183000  0.39331001 -0.30318999  0.30250001 -0.23756000 -0.01604000  0.07074000  0.07074000  0.07067000  0.12555000  0.61785001 -0.54492003 -0.56917000  0.32357001  0.31698001  0.04653000 -0.66851002 -0.59990001  0.44762999
Ace Val Ala C0Hid  0.06313000  0.39377001 -0.30543000  0.30495000 -0.24174001 -0.01859000  0.07182000  0.07182000  0.06532000  0.12238000  0.62585002 -0.55018997 -0.56766999  0.33129000  0.31773999  0.04756000 -0.66869003 -0.58688998  0.44959000
Ace Val Glh C0Hid  0.06372000  0.39919001 -0.30191001  0.30254999 -0.23907000 -0.00460000  0.06856000  0.06856000  0.06481000  0.12510000  0.61122000 -0.52847999 -0.55886000  0.32504001  0.31952000  0.04345000 -0.66781002 -0.61166000  0.45111999
Ace Val Lyn C0Hid  0.06289000  0.39423999 -0.30461999  0.30322001 -0.23961000 -0.01394000  0.06922000  0.06922000  0.06740000  0.12447001  0.62039000 -0.54306000 -0.56634003  0.32949999  0.31817001  0.04674000 -0.66798001 -0.59590000  0.44968000
Ace Val Pro C0Hid  0.06213000  0.39129999 -0.30686000  0.30388001 -0.23767000 -0.02095000  0.07424000  0.07424000  0.06926000  0.12332000  0.62343001 -0.55549002 -0.57665002  0.32216999  0.31492999  0.04781000 -0.66858000 -0.58907998  0.44685999
Ace Val Lys C0Hid  0.06843000  0.40593001 -0.30421001  0.30316001 -0.25367001 -0.00957000  0.07108000  0.07108000  0.06480000  0.12287000  0.61659002 -0.52888000 -0.56035000  0.32429001  0.32649001  0.04531000 -0.66294998 -0.60782999  0.45058000
Ace Val Ash C0Hid  0.06260000  0.39610002 -0.30250001  0.30342001 -0.23762000 -0.01428000  0.07235000  0.07235000  0.06940000  0.12330000  0.61477000 -0.53403002 -0.56360000  0.32515001  0.31852001  0.04445000 -0.66873002 -0.60777998  0.44887999
Ace Val Cys C0Hid  0.06335000  0.39524999 -0.30427000  0.30489001 -0.24142000 -0.01648000  0.07260000  0.07260000  0.06645000  0.12332000  0.62326002 -0.54740000 -0.56761003  0.32813001  0.31786001  0.04689000 -0.66869998 -0.58968002  0.44999999
Ace Val Cyx C0Hid  0.06698000  0.39067000 -0.31696999  0.29907000 -0.24337000 -0.01009000  0.07288000  0.07288000  0.08078000  0.12393000  0.60584003 -0.54692000 -0.54909998  0.31920001  0.32278001  0.04933000 -0.65867001 -0.59851998  0.44966999
Ace Val Asp C0Hid  0.05421000  0.37790999 -0.30537999  0.30278999 -0.21088999 -0.02179000  0.07382000  0.07382000  0.07826000  0.11676000  0.61519998 -0.56225002 -0.57435000  0.32780999  0.30276001  0.04520000 -0.67600000 -0.59459001  0.43844000
Ace Val Thr C0Hid  0.06231000  0.39190000 -0.30531999  0.30454999 -0.23750000 -0.01619000  0.07106000  0.07106000  0.06863000  0.12314000  0.62242001 -0.55318999 -0.57201999  0.32624999  0.31520000  0.04710000 -0.66890001 -0.58780998  0.44795999
Ace Val Hie C0Hid  0.06156000  0.39497000 -0.30140999  0.30197999 -0.23561000 -0.01126000  0.06936000  0.06936000  0.07284000  0.12259000  0.61166000 -0.53816998 -0.56607002  0.32130000  0.31810000  0.04452000 -0.66885001 -0.60676998  0.44694000
Ace Val Hid C0Hid  0.06211000  0.39478001 -0.30335000  0.30214000 -0.23802000 -0.01577000  0.07050000  0.07050000  0.06847000  0.12796999  0.61786997 -0.54137999 -0.56558001  0.32411000  0.31705001  0.04659000 -0.66738999 -0.60132998  0.44843000
Ace Val Gln C0Hid  0.06273000  0.39613000 -0.30197000  0.30313000 -0.23600000 -0.00907000  0.06960000  0.06960000  0.06696000  0.12402000  0.61523998 -0.53758001 -0.56099999  0.32655001  0.31538999  0.04414000 -0.66790003 -0.60358000  0.44927999
Ace Val Leu C0Hid  0.06285000  0.39427999 -0.30421001  0.30303001 -0.23885000 -0.01501000  0.07096000  0.07096000  0.06998000  0.12378000  0.61710000 -0.54490000 -0.56854999  0.32624999  0.31795001  0.04585000 -0.66838998 -0.59722000  0.44793999
Ace Val Asn C0Hid  0.06203000  0.39383998 -0.30394000  0.30342999 -0.23852000 -0.01754000  0.07346000  0.07346000  0.06817000  0.12303000  0.61921000 -0.54500002 -0.56545001  0.32771999  0.31744999  0.04645000 -0.66842997 -0.59724999  0.44747001
Ace Val Ile C0Hid  0.06199000  0.39364001 -0.30447000  0.30311001 -0.23927000 -0.01543000  0.07040000  0.07040000  0.07068000  0.12705000  0.61725998 -0.54677999 -0.57204002  0.32485000  0.31731001  0.04687000 -0.66733002 -0.59592002  0.44756001
Ace Val Tyr C0Hid  0.06211000  0.39294001 -0.30357000  0.30281001 -0.23796000 -0.01792000  0.07199000  0.07199000  0.07018000  0.12327000  0.61860001 -0.54391998 -0.56702000  0.32460001  0.31830001  0.04633000 -0.66903001 -0.59864003  0.44766000
Ace Val Met C0Hid  0.06369000  0.39460000 -0.30546001  0.30489999 -0.24214000 -0.01733000  0.07216000  0.07216000  0.06548000  0.12140000  0.62496000 -0.54992002 -0.56677997  0.33056000  0.31788000  0.04735000 -0.66842997 -0.58601999  0.44973001
Ace Val Glu C0Hid  0.05945000  0.38460001 -0.30877000  0.30052000 -0.23710001 -0.00983000  0.06744000  0.06744000  0.07728000  0.12426000  0.60909998 -0.57041001 -0.56498999  0.31863001  0.32058999  0.05202000 -0.66364998 -0.58987999  0.43871999
