Ace Val Hip C0Ile  0.31590000 -0.54680997  0.06592000  0.12475000  0.61521000 -0.52863002 -0.07910000  0.09311000 -0.09892000  0.04214000  0.04214000  0.04214000 -0.07164000  0.03563000  0.03563000 -0.10163000  0.04326000  0.04326000  0.04326000 -0.60294998  0.45607001
Ace Val Glu C0Ile  0.32383001 -0.56360000  0.07440000  0.11941000  0.61439001 -0.57611001 -0.07133000  0.06899000 -0.09659000  0.03848000  0.03848000  0.03848000 -0.07881000  0.04995000  0.04995000 -0.09630000  0.03496000  0.03496000  0.03496000 -0.58732998  0.44343001
Ace Val Asp C0Ile  0.33261999 -0.57023001  0.07987000  0.11425000  0.61791998 -0.55211997 -0.06986000  0.05130000 -0.10535000  0.04331000  0.04331000  0.04331000 -0.08082000  0.05544000  0.05544000 -0.09293000  0.03260000  0.03260000  0.03260000 -0.61439002  0.43268999
Ace Val Asn C0Ile  0.32552999 -0.55936003  0.07144000  0.11777000  0.61669999 -0.54145998 -0.07392000  0.07511000 -0.10255000  0.04388000  0.04388000  0.04388000 -0.07485000  0.04177000  0.04177000 -0.09882000  0.03904000  0.03904000  0.03904000 -0.60308999  0.44585001
Ace Val Met C0Ile  0.32776001 -0.55585003  0.06551000  0.12487000  0.61501002 -0.54707998 -0.06926000  0.06982000 -0.10313000  0.04382000  0.04382000  0.04382000 -0.07688000  0.04705000  0.04705000 -0.09878000  0.03922000  0.03922000  0.03922000 -0.60039002  0.44666001
Ace Val Ser C0Ile  0.32756001 -0.54844999  0.07255000  0.12092000  0.61631000 -0.55097997 -0.07318000  0.07715000 -0.10003000  0.04170000  0.04170000  0.04170000 -0.07953000  0.04843000  0.04843000 -0.09812000  0.03825000  0.03825000  0.03825000 -0.60236001  0.44573000
Ace Val Ala C0Ile  0.32684001 -0.55844998  0.06663000  0.12520000  0.61637002 -0.55040002 -0.06989000  0.06931000 -0.10292000  0.04343000  0.04343000  0.04343000 -0.07678000  0.04707000  0.04707000 -0.09888000  0.03926000  0.03926000  0.03926000 -0.60009998  0.44608000
Ace Val Arg C0Ile  0.32190999 -0.55094999  0.06810000  0.12362000  0.61825001 -0.56506002 -0.06936000  0.07781000 -0.10442000  0.04417000  0.04417000  0.04417000 -0.07805000  0.04853000  0.04853000 -0.09792000  0.04087000  0.04087000  0.04087000 -0.59052002  0.45074999
Ace Val Cys C0Ile  0.32356000 -0.55834001  0.06856000  0.12548000  0.61663997 -0.54877001 -0.07183000  0.07344000 -0.10201000  0.04268000  0.04268000  0.04268000 -0.07637000  0.04653000  0.04653000 -0.09899000  0.03949000  0.03949000  0.03949000 -0.60131001  0.44713000
Ace Val Lys C0Ile  0.32468000 -0.55533999  0.06491000  0.12029000  0.61690998 -0.53244001 -0.07615000  0.08584000 -0.10370000  0.04594000  0.04594000  0.04594000 -0.07385000  0.03500000  0.03500000 -0.09944000  0.03912000  0.03912000  0.03912000 -0.59934998  0.45544002
Ace Val Ash C0Ile  0.32563001 -0.55732000  0.06811000  0.12139000  0.61736000 -0.54413002 -0.07568000  0.07824000 -0.10052000  0.04245000  0.04245000  0.04245000 -0.07491000  0.04288000  0.04288000 -0.09774000  0.03899000  0.03899000  0.03899000 -0.60152000  0.44729001
Ace Val Pro C0Ile  0.32352999 -0.57621998  0.07454000  0.11892000  0.62221002 -0.55254001 -0.07365000  0.06726000 -0.09813000  0.04121000  0.04121000  0.04121000 -0.07765000  0.04852000  0.04852000 -0.09419000  0.03599000  0.03599000  0.03599000 -0.59880000  0.44692001
Ace Val Cyx C0Ile  0.31562999 -0.56085002  0.07489000  0.11968000  0.61312997 -0.54869002 -0.07297000  0.08226000 -0.09838000  0.04011000  0.04011000  0.04011000 -0.07685000  0.04768000  0.04768000 -0.09734000  0.03888000  0.03888000  0.03888000 -0.60878003  0.44569001
Ace Val Trp C0Ile  0.32444001 -0.56028002  0.06925001  0.12133000  0.61818999 -0.54456001 -0.07511000  0.07232000 -0.10172000  0.04272000  0.04272000  0.04272000 -0.07580000  0.04412000  0.04412000 -0.09950000  0.03926000  0.03926000  0.03926000 -0.60368001  0.44514001
Ace Val Val C0Ile  0.32539999 -0.56186998  0.07098000  0.12052000  0.62014002 -0.54615003 -0.07460000  0.07044000 -0.10181000  0.04303000  0.04303000  0.04303000 -0.07743000  0.04646000  0.04646000 -0.09775000  0.03854000  0.03854000  0.03854000 -0.60145998  0.44613999
Ace Val Glh C0Ile  0.32196999 -0.55185002  0.06792000  0.12443000  0.61455000 -0.54769999 -0.07258000  0.08009000 -0.09836000  0.04074000  0.04074000  0.04074000 -0.07821000  0.04812000  0.04812000 -0.09726000  0.03839000  0.03839000  0.03839000 -0.60650003  0.44811002
Ace Val Tyr C0Ile  0.32199001 -0.56006002  0.06887000  0.12365000  0.61804998 -0.54866999 -0.07643000  0.07691000 -0.09931000  0.04106000  0.04106000  0.04106000 -0.07559000  0.04377000  0.04377000 -0.09887000  0.03908000  0.03908000  0.03908000 -0.60118997  0.44646001
Ace Val Phe C0Ile  0.32491002 -0.56010997  0.06891000  0.12243000  0.61892998 -0.54474002 -0.07557000  0.07247000 -0.10165000  0.04254000  0.04254000  0.04254000 -0.07544000  0.04440000  0.04440000 -0.09921000  0.03924000  0.03924000  0.03924000 -0.60263002  0.44582999
Ace Val Gly C0Ile  0.32352000 -0.55497003  0.06848000  0.12461000  0.61482000 -0.54834998 -0.07410000  0.08104000 -0.09868000  0.04108000  0.04108000  0.04108000 -0.07647000  0.04571000  0.04571000 -0.09832000  0.03919000  0.03919000  0.03919000 -0.60428000  0.44804001
Ace Val Thr C0Ile  0.32049999 -0.56287003  0.06832000  0.12561999  0.61575002 -0.55199999 -0.07107000  0.07420000 -0.09986000  0.04093000  0.04093000  0.04093000 -0.07777000  0.04873000  0.04873000 -0.09862000  0.03877000  0.03877000  0.03877000 -0.60549998  0.44571999
Ace Val Hie C0Ile  0.32302001 -0.56180000  0.06858000  0.12401000  0.61799997 -0.55211001 -0.07600000  0.07659000 -0.09889000  0.04071000  0.04071000  0.04071000 -0.07621000  0.04533000  0.04533000 -0.09777999  0.03848000  0.03848000  0.03848000 -0.60075003  0.44580001
Ace Val Leu C0Ile  0.32707000 -0.56256998  0.06907000  0.12209000  0.62046999 -0.54588997 -0.07409000  0.06867000 -0.10195000  0.04275000  0.04275000  0.04275000 -0.07652000  0.04642000  0.04642000 -0.09841000  0.03858000  0.03858000  0.03858000 -0.60188001  0.44639000
Ace Val Gln C0Ile  0.32308000 -0.55580998  0.06933000  0.12277000  0.61515999 -0.54974002 -0.07105000  0.07157000 -0.10277000  0.04264000  0.04264000  0.04264000 -0.07827000  0.04895000  0.04895000 -0.09732000  0.03813000  0.03813000  0.03813000 -0.60176003  0.44632000
Ace Val Lyn C0Ile  0.32571000 -0.55879998  0.06836000  0.12300000  0.61712998 -0.55193001 -0.07028000  0.06925000 -0.10329000  0.04382000  0.04382000  0.04382000 -0.07827000  0.04813000  0.04813000 -0.09722000  0.03847000  0.03847000  0.03847000 -0.59996998  0.44624001
Ace Val Hid C0Ile  0.32442999 -0.55865002  0.06658000  0.12378000  0.61817998 -0.54579997 -0.07546000  0.07648000 -0.10034000  0.04214000  0.04214000  0.04214000 -0.07528000  0.04314000  0.04314000 -0.09907000  0.03931000  0.03931000  0.03931000 -0.60176998  0.44714999
Ace Val Ile C0Ile  0.32548001 -0.56272000  0.06958000  0.12206000  0.62014002 -0.54582000 -0.07492000  0.06925000 -0.10267000  0.04340000  0.04340000  0.04340000 -0.07747000  0.04660000  0.04660000 -0.09860000  0.03882000  0.03882000  0.03882000 -0.60233003  0.44591001
