Ace Val Arg C0Lys  0.31312999 -0.56304997  0.06891000  0.13730000  0.61132997 -0.53635001 -0.10396000  0.07566999  0.07566999 -0.07859000  0.05774000  0.05774000 -0.11345000  0.07711000  0.07711000  0.10272000  0.11159999  0.11159999 -0.84113998  0.46507001  0.46507001  0.46507001 -0.58647001  0.46421000
Ace Val Cys C0Lys  0.31924999 -0.57229000  0.07490000  0.13553000  0.61325997 -0.54579002 -0.10330000  0.07350000  0.07350000 -0.08155000  0.06474000  0.06474000 -0.11017000  0.07367000  0.07367000  0.09884000  0.11600000  0.11600000 -0.83973998  0.46244001  0.46244001  0.46244001 -0.59090000  0.45939001
Ace Val Gly C0Lys  0.31281999 -0.58029002  0.07336000  0.13348000  0.60800999 -0.54636002 -0.09781000  0.07310000  0.07310000 -0.07897000  0.06358000  0.06358000 -0.11223000  0.07260000  0.07260000  0.09901000  0.11608000  0.11608000 -0.83971000  0.46266001  0.46266001  0.46266001 -0.59451997  0.45781001
Ace Val Hie C0Lys  0.31814000 -0.57383001  0.07307000  0.13204999  0.60672998 -0.54760998 -0.09727000  0.07219000  0.07219000 -0.07946000  0.06502000  0.06502000 -0.11223000  0.07258000  0.07258000  0.09845000  0.11629000  0.11629000 -0.83927000  0.46197000  0.46197000  0.46197000 -0.59344000  0.45736000
Ace Val Thr C0Lys  0.31784001 -0.57780999  0.07405000  0.13358000  0.61576002 -0.55221999 -0.10329000  0.07055000  0.07055000 -0.08167000  0.06666000  0.06666000 -0.11015001  0.07107000  0.07107000  0.09928000  0.11607000  0.11607000 -0.84024001  0.46178999  0.46178999  0.46178999 -0.58617998  0.45719000
Ace Val Lyn C0Lys  0.32260001 -0.57164001  0.07082000  0.13192000  0.61376000 -0.54593003 -0.10087000  0.07098000  0.07098000 -0.07931000  0.06617000  0.06617000 -0.11238000  0.07245000  0.07245000  0.10164000  0.11528000  0.11528000 -0.84134000  0.46234000  0.46234000  0.46234000 -0.58841002  0.46022999
Ace Val Leu C0Lys  0.31746000 -0.57624000  0.07551000  0.13088000  0.60802001 -0.54918999 -0.09734000  0.07019000  0.07019000 -0.08280000  0.06757000  0.06757000 -0.11006000  0.07231000  0.07231000  0.09863000  0.11614000  0.11614000 -0.84013999  0.46228000  0.46228000  0.46228000 -0.59289998  0.45730001
Ace Val Cyx C0Lys  0.31703001 -0.57484001  0.07011000  0.13192000  0.62472999 -0.58415002 -0.10433000  0.07109000  0.07109000 -0.09781000  0.05343000  0.05343000 -0.11608000  0.09168000  0.09168000  0.10452000  0.11282000  0.11282000 -0.84184003  0.46575999  0.46575999  0.46575999 -0.56909001  0.46107000
Ace Val Ile C0Lys  0.31613001 -0.57743001  0.07340000  0.13398001  0.60716999 -0.54916000 -0.09714000  0.07163000  0.07163000 -0.08110000  0.06525000  0.06525000 -0.11105000  0.07272000  0.07272000  0.09901000  0.11582000  0.11582000 -0.83995002  0.46239999  0.46239999  0.46239999 -0.59333002  0.45743999
Ace Val Lys C0Lys  0.32437000 -0.56843001  0.06771000  0.13237999  0.60892999 -0.53305000 -0.09819000  0.07620000  0.07620000 -0.08019000  0.06377000  0.06377000 -0.11217000  0.07532000  0.07532000  0.10124000  0.11503000  0.11503000 -0.84013998  0.46518001  0.46518001  0.46518001 -0.60149002  0.46041000
Ace Val Val C0Lys  0.31575000 -0.57770002  0.07337000  0.13445000  0.60628003 -0.54784000 -0.09639000  0.07265000  0.07265000 -0.08044000  0.06394000  0.06394000 -0.11209000  0.07292000  0.07292000  0.09943000  0.11580000  0.11580000 -0.83961999  0.46247000  0.46247000  0.46247000 -0.59443003  0.45756000
Ace Val Glu C0Lys  0.32951999 -0.57643002  0.07780000  0.12310000  0.62422001 -0.58876997 -0.09968000  0.06447000  0.06447000 -0.10191000  0.06816000  0.06816000 -0.11210000  0.08440999  0.08440999  0.10063000  0.11619000  0.11619000 -0.84122002  0.46110001  0.46110001  0.46110001 -0.57406002  0.44955000
Ace Val Ala C0Lys  0.32389000 -0.57155001  0.07175000  0.13101000  0.61513001 -0.54567998 -0.10180000  0.07215000  0.07215000 -0.07885000  0.06497000  0.06497000 -0.11172000  0.07209000  0.07209000  0.09976000  0.11564000  0.11564000 -0.83969003  0.46237999  0.46237999  0.46237999 -0.58734000  0.46017000
Ace Val Glh C0Lys  0.32101000 -0.56961000  0.06925000  0.13373000  0.61361999 -0.54451000 -0.10174000  0.07342001  0.07342001 -0.07970000  0.06393000  0.06393000 -0.11137000  0.07268000  0.07268000  0.09920000  0.11680000  0.11680000 -0.83963001  0.46259999  0.46259999  0.46259999 -0.58844000  0.45918000
Ace Val Hid C0Lys  0.31680000 -0.57340002  0.07290000  0.13184001  0.60768998 -0.54487997 -0.09789000  0.07344000  0.07344000 -0.07976000  0.06425000  0.06425000 -0.11246000  0.07322000  0.07322000  0.09886000  0.11620000  0.11620000 -0.83963001  0.46254000  0.46254000  0.46254000 -0.59522003  0.45859000
Ace Val Pro C0Lys  0.31226998 -0.58561999  0.07844000  0.12901001  0.61014002 -0.54841000 -0.09785000  0.07119000  0.07119000 -0.08112000  0.06665000  0.06665000 -0.11217000  0.07151000  0.07151000  0.09902000  0.11630000  0.11630000 -0.83993000  0.46230000  0.46230000  0.46230000 -0.59508997  0.45546999
Ace Val Trp C0Lys  0.32174000 -0.57455999  0.07370000  0.13135999  0.61036998 -0.54497999 -0.09811000  0.07058000  0.07058000 -0.08098000  0.06676000  0.06676000 -0.11163000  0.07183000  0.07183000  0.09933000  0.11586000  0.11586000 -0.84002000  0.46200001  0.46200001  0.46200001 -0.59472001  0.45725000
Ace Val Hip C0Lys  0.31487000 -0.56132001  0.06908000  0.13571000  0.60754001 -0.51765001 -0.09909000  0.07905000  0.07905000 -0.08044000  0.06085000  0.06085000 -0.11298000  0.07820000  0.07820000  0.09988000  0.11434000  0.11434000 -0.83897000  0.46566999  0.46566999  0.46566999 -0.61203003  0.46592000
Ace Val Tyr C0Lys  0.31810001 -0.57359999  0.07326000  0.13165000  0.60763001 -0.55100000 -0.09894000  0.06703000  0.06703000 -0.08282000  0.07142000  0.07142000 -0.10848000  0.07139000  0.07139000  0.09645000  0.11755000  0.11755000 -0.83911997  0.46173999  0.46173999  0.46173999 -0.59399998  0.45853001
Ace Val Phe C0Lys  0.31782001 -0.57470000  0.07334000  0.13300000  0.60841000 -0.54816002 -0.09748000  0.07127000  0.07127000 -0.08158000  0.06664000  0.06664000 -0.11070000  0.07249000  0.07249000  0.09841000  0.11624000  0.11624000 -0.83933002  0.46197000  0.46197000  0.46197000 -0.59533000  0.45783001
Ace Val Asp C0Lys  0.32181999 -0.58516997  0.08113000  0.12744001  0.60983002 -0.57771999 -0.09893000  0.06421000  0.06421000 -0.08285000  0.07177000  0.07177000 -0.10963000  0.06839000  0.06839000  0.09756000  0.11769000  0.11769000 -0.84104001  0.45822999  0.45822999  0.45822999 -0.57716000  0.44760001
Ace Val Ser C0Lys  0.31300000 -0.58055001  0.07576000  0.13321001  0.60877001 -0.54789001 -0.09893000  0.07144000  0.07144000 -0.07946000  0.06493000  0.06493000 -0.11173000  0.07238000  0.07238000  0.09859000  0.11631000  0.11631000 -0.83947998  0.46230999  0.46230999  0.46230999 -0.59285998  0.45763999
Ace Val Ash C0Lys  0.32139000 -0.57182998  0.07342000  0.13036001  0.60922998 -0.54644001 -0.09839000  0.07107000  0.07107000 -0.08179000  0.06891000  0.06891000 -0.11078000  0.07241000  0.07241000  0.09780000  0.11707000  0.11707000 -0.83934999  0.46215001  0.46215001  0.46215001 -0.59412003  0.45894000
Ace Val Met C0Lys  0.32517999 -0.57297999  0.07412000  0.13260999  0.61598003 -0.54509998 -0.10430000  0.07117000  0.07117000 -0.08233001  0.06694000  0.06694000 -0.10971000  0.07222000  0.07222000  0.09777000  0.11710000  0.11710000 -0.83933997  0.46226001  0.46226001  0.46226001 -0.58999998  0.45998999
Ace Val Gln C0Lys  0.32003000 -0.56805003  0.07109000  0.13167000  0.61260998 -0.54846001 -0.10221000  0.07193000  0.07193000 -0.08036000  0.06564000  0.06564000 -0.11065000  0.07219000  0.07219000  0.09731000  0.11749000  0.11749000 -0.83895999  0.46225000  0.46225000  0.46225000 -0.58499998  0.45842001
Ace Val Asn C0Lys  0.32394999 -0.57543999  0.07371000  0.13170000  0.61004001 -0.54492003 -0.09865000  0.07063000  0.07063000 -0.08337000  0.06899000  0.06899000 -0.11012000  0.07266000  0.07266000  0.09754000  0.11654000  0.11654000 -0.83926999  0.46199000  0.46199000  0.46199000 -0.59688002  0.45716000
