Ace Val Ile C0Lyn  0.32769001 -0.57174998  0.07672000  0.11537000  0.62107998 -0.54869002 -0.09898000  0.06182000  0.06182000 -0.07817000  0.05213000  0.05213000 -0.12229000  0.03950000  0.03950000  0.15245999  0.05315000  0.05315000 -0.90706003  0.34592000  0.34592000 -0.59660000  0.44898999
Ace Val Hid C0Lyn  0.32955000 -0.57095998  0.07513000  0.11463000  0.62177002 -0.54815000 -0.09861000  0.06262000  0.06262000 -0.07945000  0.05151000  0.05151000 -0.12216000  0.03926000  0.03926000  0.15249001  0.05358000  0.05358000 -0.90625000  0.34593999  0.34593999 -0.59520000  0.44986001
Ace Val Hie C0Lyn  0.33175999 -0.57160998  0.07763000  0.11306000  0.62124002 -0.54810000 -0.09829000  0.06126000  0.06126000 -0.07855001  0.05282000  0.05282000 -0.12160000  0.03854000  0.03854000  0.15125000  0.05375000  0.05375000 -0.90542001  0.34492001  0.34492001 -0.59726000  0.44817999
Ace Val Hip C0Lyn  0.32196999 -0.56068999  0.07049000  0.12258000  0.62331003 -0.55315000 -0.10000000  0.06713000  0.06713000 -0.07452000  0.04496000  0.04496000 -0.12653001  0.04348000  0.04348000  0.15763999  0.04948000  0.04948000 -0.90579999  0.35113001  0.35113001 -0.58266002  0.45897001
Ace Val Lyn C0Lyn  0.32481000 -0.56814998  0.07896000  0.11663000  0.61549997 -0.55181998 -0.09521000  0.06043000  0.06043000 -0.07669000  0.05453000  0.05453000 -0.12296000  0.03941000  0.03941000  0.15293001  0.05359000  0.05359000 -0.90552998  0.34547001  0.34547001 -0.59745002  0.44711000
Ace Val Trp C0Lyn  0.32780001 -0.57009000  0.07619000  0.11556000  0.61997002 -0.54860997 -0.09850000  0.06054000  0.06054000 -0.07750000  0.05220000  0.05220000 -0.12260000  0.03910000  0.03910000  0.15291999  0.05334000  0.05334000 -0.90697002  0.34592000  0.34592000 -0.59755999  0.44780001
Ace Val Glh C0Lyn  0.32686001 -0.56590998  0.07377000  0.11808000  0.61435002 -0.54799002 -0.09249000  0.06268000  0.06268000 -0.07857000  0.05226000  0.05226000 -0.12296000  0.04008000  0.04008000  0.15238000  0.05360000  0.05360000 -0.90583003  0.34586000  0.34586000 -0.59660000  0.44885001
Ace Val Tyr C0Lyn  0.32839998 -0.57068998  0.07637000  0.11510000  0.62162000 -0.54882002 -0.09888000  0.06133000  0.06133000 -0.07743000  0.05143000  0.05143000 -0.12248000  0.03935000  0.03935000  0.15211999  0.05317000  0.05317000 -0.90561998  0.34560999  0.34560999 -0.59654999  0.44883999
Ace Val Arg C0Lyn  0.32006001 -0.55750001  0.07598000  0.12307000  0.61287999 -0.56294000 -0.09090000  0.06328000  0.06328000 -0.07708000  0.05327000  0.05327000 -0.12474000  0.04079000  0.04079000  0.15398000  0.05370000  0.05370000 -0.90416998  0.34807000  0.34807000 -0.58872002  0.45107999
Ace Val Cys C0Lyn  0.32428000 -0.56611001  0.07641000  0.12015000  0.61559999 -0.54794001 -0.09416000  0.06022000  0.06022000 -0.07667000  0.05376000  0.05376000 -0.12335000  0.03950000  0.03950000  0.15283001  0.05369000  0.05369000 -0.90596002  0.34597001  0.34597001 -0.59680998  0.44825000
Ace Val Thr C0Lyn  0.32237000 -0.57064002  0.07820000  0.11593000  0.61392999 -0.55351001 -0.09373000  0.06232000  0.06232000 -0.07675000  0.05183000  0.05183000 -0.12346000  0.03994000  0.03994000  0.15154000  0.05380000  0.05380000 -0.90518999  0.34531001  0.34531001 -0.59706002  0.44630000
Ace Val Gly C0Lyn  0.32409000 -0.56851000  0.07746000  0.11748000  0.61334002 -0.54698002 -0.09509000  0.06259000  0.06259000 -0.07518000  0.05004000  0.05004000 -0.12422000  0.04031000  0.04031000  0.15223999  0.05343000  0.05343000 -0.90487999  0.34606999  0.34606999 -0.59846002  0.44813999
Ace Val Asp C0Lyn  0.33309001 -0.58193999  0.08618000  0.10756000  0.62000001 -0.54882002 -0.09773000  0.05707000  0.05707000 -0.07933000  0.05528000  0.05528000 -0.11931000  0.03695000  0.03695000  0.14707001  0.05447000  0.05447000 -0.90671998  0.34041000  0.34041000 -0.61069000  0.43634001
Ace Val Pro C0Lyn  0.32350999 -0.58285999  0.07908000  0.11566000  0.62092000 -0.55298001 -0.09697000  0.06165000  0.06165000 -0.07831000  0.05055000  0.05055000 -0.12236000  0.03990000  0.03990000  0.15157001  0.05302000  0.05302000 -0.90539002  0.34522000  0.34522000 -0.59583002  0.44755000
Ace Val Phe C0Lyn  0.32844001 -0.57116002  0.07670000  0.11519000  0.62128001 -0.54869998 -0.09850000  0.06118000  0.06118000 -0.07679000  0.05170000  0.05170000 -0.12256000  0.03922000  0.03922000  0.15300000  0.05315000  0.05315000 -0.90759999  0.34632000  0.34632000 -0.59702999  0.44938001
Ace Val Leu C0Lyn  0.32914001 -0.57023001  0.07822000  0.11121000  0.62176001 -0.54834998 -0.09897000  0.06337000  0.06337000 -0.07723000  0.05152000  0.05152000 -0.12218000  0.03923000  0.03923000  0.15221000  0.05313000  0.05313000 -0.90592998  0.34549999  0.34549999 -0.59666997  0.44935000
Ace Val Ser C0Lyn  0.32646000 -0.56998998  0.07749000  0.11752000  0.61817998 -0.54817998 -0.09699000  0.06248000  0.06248000 -0.07798000  0.05162000  0.05162000 -0.12274000  0.03984000  0.03984000  0.15180001  0.05282000  0.05282000 -0.90548998  0.34533000  0.34533000 -0.59845000  0.44740999
Ace Val Cyx C0Lyn  0.32146999 -0.56130999  0.07784000  0.11836000  0.60971999 -0.54179001 -0.09409000  0.06294000  0.06294000 -0.07432000  0.04982000  0.04982000 -0.12504999  0.04081000  0.04081000  0.15216001  0.05368000  0.05368000 -0.90473997  0.34604001  0.34604001 -0.59846002  0.44725999
Ace Val Val C0Lyn  0.32857001 -0.57240999  0.07757000  0.11485000  0.62162000 -0.54912001 -0.09846000  0.06137000  0.06137000 -0.07811000  0.05254000  0.05254000 -0.12223000  0.03901000  0.03901000  0.15219000  0.05353000  0.05353000 -0.90590000  0.34538999  0.34538999 -0.59626001  0.44905001
Ace Val Lys C0Lyn  0.32789999 -0.56169999  0.07032000  0.11935000  0.61997002 -0.54259998 -0.09727000  0.06220000  0.06220000 -0.07780000  0.05004000  0.05004000 -0.12365000  0.03918000  0.03918000  0.15507001  0.05219000  0.05219000 -0.90626001  0.34869000  0.34869000 -0.59022999  0.45675001
Ace Val Ash C0Lyn  0.33194000 -0.56804001  0.07611000  0.11517000  0.61988998 -0.54452002 -0.09712000  0.05969000  0.05969000 -0.07697000  0.05325000  0.05325000 -0.12280000  0.03909000  0.03909000  0.15315001  0.05342000  0.05342000 -0.90649998  0.34588999  0.34588999 -0.59697002  0.44918999
Ace Val Asn C0Lyn  0.33070999 -0.56954002  0.07657000  0.11587000  0.61912000 -0.54409999 -0.09663000  0.05723000  0.05723000 -0.07630000  0.05424000  0.05424000 -0.12270000  0.03863000  0.03863000  0.15286000  0.05359000  0.05359000 -0.90663999  0.34577000  0.34577000 -0.59755999  0.44799000
Ace Val Glu C0Lyn  0.32183999 -0.57191003  0.08600000  0.11089000  0.60470998 -0.53675998 -0.09208000  0.05529000  0.05529000 -0.07553000  0.05584000  0.05584000 -0.12164000  0.03620000  0.03620000  0.14679999  0.05602000  0.05602000 -0.90570998  0.34075999  0.34075999 -0.61233998  0.43871000
Ace Val Gln C0Lyn  0.32415000 -0.56449002  0.07713000  0.11613000  0.61303002 -0.54725999 -0.09340000  0.06178000  0.06178000 -0.07757000  0.05283000  0.05283000 -0.12321000  0.03971000  0.03971000  0.15140000  0.05402000  0.05402000 -0.90476000  0.34513000  0.34513000 -0.59774000  0.44758999
Ace Val Met C0Lyn  0.32775000 -0.56690001  0.07662000  0.11569000  0.61447001 -0.54830003 -0.09325000  0.06031000  0.06031000 -0.07762000  0.05510000  0.05510000 -0.12288000  0.03947000  0.03947000  0.15362000  0.05365000  0.05365000 -0.90693998  0.34619001  0.34619001 -0.59656000  0.44804001
Ace Val Ala C0Lyn  0.32639000 -0.56651998  0.07627000  0.11779000  0.61396003 -0.54944998 -0.09344000  0.06188000  0.06188000 -0.07691000  0.05233000  0.05233000 -0.12336000  0.03992000  0.03992000  0.15234999  0.05351000  0.05351000 -0.90572000  0.34603000  0.34603000 -0.59757000  0.44751000
