Ace Val Asp C0Met  0.33574000 -0.58354002  0.08319000  0.10983000  0.62220001 -0.54923999 -0.09203000  0.06897000  0.06897000 -0.01905000  0.08178000  0.08178000 -0.31202000 -0.03885000  0.06356000  0.06356000  0.06356000 -0.60946000  0.43759000
Ace Val Cys C0Met  0.33054999 -0.56935000  0.07216000  0.12141000  0.62193000 -0.55032003 -0.08730000  0.07842000  0.07842000 -0.02845000  0.07143000  0.07143000 -0.27823999 -0.04529000  0.06467000  0.06467000  0.06467000 -0.59393000  0.45043001
Ace Val Leu C0Met  0.33133000 -0.57178998  0.07443000  0.11680000  0.62397998 -0.54825997 -0.09295000  0.07764000  0.07764000 -0.02786000  0.07200000  0.07200000 -0.27963999 -0.04505000  0.06427000  0.06427000  0.06427000 -0.59600002  0.44931000
Ace Val Gln C0Met  0.32484001 -0.56124002  0.07095000  0.12393000  0.61385000 -0.54956001 -0.08620000  0.07981000  0.07981000 -0.02705000  0.06923000  0.06923000 -0.27682999 -0.04640000  0.06461000  0.06461000  0.06461000 -0.59972000  0.44926000
Ace Val Val C0Met  0.33069000 -0.57471001  0.07544000  0.11712000  0.62463999 -0.54921001 -0.09257000  0.07855000  0.07855000 -0.02816000  0.07077000  0.07077000 -0.27925000 -0.04546000  0.06434000  0.06434000  0.06434000 -0.59574997  0.44953999
Ace Val Tyr C0Met  0.32991001 -0.57033998  0.07529000  0.11708000  0.62384999 -0.54861999 -0.09343000  0.07684000  0.07684000 -0.02782000  0.07169000  0.07169000 -0.28001002 -0.04540000  0.06428000  0.06428000  0.06428000 -0.59556002  0.44892001
Ace Val Met C0Met  0.33335000 -0.56781000  0.07079000  0.12002000  0.62008000 -0.54877001 -0.08630000  0.07757000  0.07757000 -0.02895000  0.07230000  0.07230000 -0.27755999 -0.04573000  0.06455000  0.06455000  0.06455000 -0.59482002  0.45005000
Ace Val Glh C0Met  0.32541001 -0.55906999  0.06948000  0.12531000  0.61308002 -0.54575998 -0.08633000  0.08079000  0.08079000 -0.02711000  0.06804000  0.06804000 -0.27555001 -0.04624000  0.06529000  0.06529000  0.06529000 -0.60222000  0.44971999
Ace Val Ser C0Met  0.32721999 -0.57621998  0.07696000  0.11792000  0.62204999 -0.54949999 -0.09169000  0.07890000  0.07890000 -0.02633000  0.07109000  0.07109000 -0.27846000 -0.04603000  0.06403000  0.06403000  0.06403000 -0.59671998  0.44901001
Ace Val Ile C0Met  0.33050999 -0.57432002  0.07601000  0.11626000  0.62391001 -0.55002999 -0.09284000  0.07873000  0.07873000 -0.02824000  0.07118000  0.07118000 -0.27923000 -0.04609000  0.06437000  0.06437000  0.06437000 -0.59504002  0.44968000
Ace Val Hid C0Met  0.33195999 -0.57033998  0.07421000  0.11782000  0.62274998 -0.54762000 -0.09209000  0.07755000  0.07755000 -0.02744000  0.07089000  0.07089000 -0.27983001 -0.04511000  0.06466000  0.06466000  0.06466000 -0.59530997  0.45025000
Ace Val Cyx C0Met  0.31690001 -0.56418002  0.06896000  0.12737000  0.61023998 -0.54240000 -0.08448000  0.07537000  0.07537000 -0.02280000  0.07417000  0.07417000 -0.27943000 -0.04691000  0.06503000  0.06503000  0.06503000 -0.61071998  0.44788000
Ace Val Lys C0Met  0.33504999 -0.56318003  0.06783000  0.12184000  0.62327999 -0.54312998 -0.09239000  0.07774000  0.07774000 -0.03072000  0.07297000  0.07297000 -0.27116999 -0.04751000  0.06205000  0.06205000  0.06205000 -0.58785999  0.45906001
Ace Val Pro C0Met  0.32543999 -0.58254999  0.07898000  0.11649000  0.62133998 -0.55241001 -0.09076000  0.07830000  0.07830000 -0.02471000  0.06936000  0.06936000 -0.28130001 -0.04504000  0.06374000  0.06374000  0.06374000 -0.59521001  0.44874999
Ace Val Glu C0Met  0.32121000 -0.56753999  0.07495000  0.12263000  0.61071998 -0.57328999 -0.08448000  0.07323000  0.07323000 -0.01635000  0.07337000  0.07337000 -0.30094999 -0.04104000  0.06222000  0.06222000  0.06222000 -0.58740997  0.44396999
Ace Val Asn C0Met  0.33399001 -0.57099998  0.07339000  0.11887000  0.62366998 -0.54549003 -0.09235000  0.07631000  0.07631000 -0.02750000  0.07189000  0.07189000 -0.28187001 -0.04468000  0.06432000  0.06432000  0.06432000 -0.59644997  0.44972000
Ace Val Hip C0Met  0.32670000 -0.55914003  0.06862000  0.12447000  0.62424999 -0.55084997 -0.09469000  0.08167000  0.08167000 -0.03378000  0.06667000  0.06667000 -0.25510001 -0.05029000  0.06553000  0.06553000  0.06553000 -0.58327001  0.46019000
Ace Val Hie C0Met  0.33186000 -0.57183999  0.07416000  0.11650999  0.62360000 -0.54834002 -0.09431000  0.07542000  0.07542000 -0.02734000  0.07528000  0.07528000 -0.28209999 -0.04522000  0.06444000  0.06444000  0.06444000 -0.59709001  0.44837001
Ace Val Gly C0Met  0.32844001 -0.57833999  0.07576000  0.11884000  0.62305999 -0.55092001 -0.08990000  0.07847000  0.07847000 -0.02652000  0.06930000  0.06930000 -0.27991000 -0.04557000  0.06427000  0.06427000  0.06427000 -0.59508997  0.44926000
Ace Val Phe C0Met  0.33135000 -0.57110000  0.07398000  0.11730000  0.62378001 -0.54819000 -0.09316000  0.07732000  0.07732000 -0.02762000  0.07172000  0.07172000 -0.27954999 -0.04545000  0.06442000  0.06442000  0.06442000 -0.59616000  0.44949999
Ace Val Lyn C0Met  0.33173001 -0.57002997  0.07253000  0.11841000  0.62115002 -0.54974002 -0.08934000  0.07673000  0.07673000 -0.02903000  0.07497000  0.07497000 -0.27812001 -0.04627000  0.06454000  0.06454000  0.06454000 -0.59634000  0.44953001
Ace Val Arg C0Met  0.32633999 -0.56128001  0.07037000  0.12108000  0.61829001 -0.55628002 -0.08642000  0.08134000  0.08134000 -0.03322000  0.07217000  0.07217000 -0.26692000 -0.04812000  0.06674000  0.06674000  0.06674000 -0.59113002  0.45359001
Ace Val Ala C0Met  0.33153999 -0.56906998  0.07212000  0.11947000  0.61997998 -0.55023998 -0.08612000  0.07777000  0.07777000 -0.02910000  0.07202000  0.07202000 -0.27818999 -0.04531000  0.06451000  0.06451000  0.06451000 -0.59583002  0.44918999
Ace Val Ash C0Met  0.33506000 -0.56880999  0.07302000  0.11696000  0.62356001 -0.54525000 -0.09275000  0.07655000  0.07655000 -0.02848000  0.07332000  0.07332000 -0.27788001 -0.04615000  0.06450000  0.06450000  0.06450000 -0.59565997  0.45008001
Ace Val Thr C0Met  0.32100001 -0.57081002  0.07333000  0.12417000  0.61490000 -0.55109000 -0.08722999  0.07984000  0.07984000 -0.02556000  0.06893000  0.06893000 -0.27891001 -0.04560000  0.06458000  0.06458000  0.06458000 -0.60189002  0.44721002
Ace Val Trp C0Met  0.33125001 -0.57265002  0.07485000  0.11694000  0.62358999 -0.54861999 -0.09253000  0.07776000  0.07776000 -0.02696000  0.07046000  0.07046000 -0.28015000 -0.04533000  0.06425000  0.06425000  0.06425000 -0.59630001  0.44859001
