Ace Val Glh C0Phe  0.13308001 -0.12309000 -0.12689000  0.13492000 -0.11799000  0.13225000 -0.09150000 -0.04458000  0.06576000  0.06576000  0.07094000  0.12895000  0.61223000 -0.55019998 -0.56177997  0.32641000 -0.11799000  0.13225000 -0.12689000  0.13492000 -0.59417999  0.44806001
Ace Val Gln C0Phe  0.13296001 -0.12340000 -0.12538999  0.13612001 -0.11905000  0.13091999 -0.09123000 -0.04266000  0.06481000  0.06481000  0.07180000  0.12829000  0.60873997 -0.54816997 -0.55909997  0.32269001 -0.11905000  0.13091999 -0.12538999  0.13612001 -0.59851003  0.44690999
Ace Val Thr C0Phe  0.13196000 -0.12347000 -0.12768000  0.13203999 -0.11741000  0.13184001 -0.08710000 -0.04456000  0.06692000  0.06692000  0.07055000  0.12891000  0.60785001 -0.54887998 -0.56273001  0.31740001 -0.11741000  0.13184001 -0.12768000  0.13203999 -0.60201001  0.44839001
Ace Val Hie C0Phe  0.13146000 -0.12536000 -0.12792000  0.13370000 -0.11716000  0.13414000 -0.09028000 -0.04338000  0.06543000  0.06543000  0.07481000  0.12597001  0.60729998 -0.54901999 -0.56167000  0.32258999 -0.11716000  0.13414000 -0.12792000  0.13370000 -0.60070997  0.44595000
Ace Val Ile C0Phe  0.13243000 -0.12345000 -0.12759000  0.13377000 -0.11712000  0.13296001 -0.09209000 -0.04666000  0.06730000  0.06730000  0.07585000  0.12343000  0.61269998 -0.55496001 -0.56563002  0.32347000 -0.11712000  0.13296001 -0.12759000  0.13377000 -0.59227002  0.44598001
Ace Val Pro C0Phe  0.13125999 -0.12420000 -0.12874000  0.13277000 -0.11687000  0.13537000 -0.09211000 -0.05151000  0.06885000  0.06885000  0.07680000  0.12236000  0.61695999 -0.56334001 -0.57200003  0.32100999 -0.11687000  0.13537000 -0.12874000  0.13277000 -0.58585000  0.44461000
Ace Val Hip C0Phe  0.13887000 -0.11800000 -0.12386000  0.13906001 -0.11835000  0.13087000 -0.10369000 -0.04263000  0.07153000  0.07153000  0.06603000  0.13128001  0.61629999 -0.56084001 -0.55181003  0.31895000 -0.11835000  0.13087000 -0.12386000  0.13906001 -0.58741999  0.45655000
Ace Val Cyx C0Phe  0.13410000 -0.12140000 -0.12560000  0.13598999 -0.11670000  0.12953000 -0.09336000 -0.04146000  0.06838000  0.06838000  0.07352000  0.12938000  0.60506999 -0.54427999 -0.54841000  0.31525001 -0.11670000  0.12953000 -0.12560000  0.13598999 -0.60654002  0.44925001
Ace Val Phe C0Phe  0.13265000 -0.12413000 -0.12748000  0.13432001 -0.11758000  0.13350000 -0.09180000 -0.04426000  0.06615000  0.06615000  0.07363000  0.12667000  0.60938001 -0.55110001 -0.56102002  0.32157999 -0.11758000  0.13350000 -0.12748000  0.13432001 -0.59772003  0.44665000
Ace Val Cys C0Phe  0.13341001 -0.12209000 -0.12536000  0.13383000 -0.11779000  0.12978999 -0.08956000 -0.04265000  0.06612000  0.06612000  0.07422000  0.12936001  0.60631001 -0.54714000 -0.55824000  0.31994000 -0.11779000  0.12978999 -0.12536000  0.13383000 -0.59895998  0.44744000
Ace Val Asp C0Phe  0.12354000 -0.13300000 -0.13048001  0.12853000 -0.11488000  0.13731000 -0.08016000 -0.04437000  0.05883000  0.05883000  0.08158000  0.12193000  0.60523999 -0.54847997 -0.57220000  0.32727000 -0.11488000  0.13731000 -0.13048001  0.12853000 -0.61097002  0.43537000
Ace Val Ser C0Phe  0.13245000 -0.12434999 -0.12763999  0.13325000 -0.11762000  0.13238000 -0.08809000 -0.04482000  0.06576000  0.06576000  0.07417000  0.12851000  0.61053997 -0.55124003 -0.56742000  0.32126001 -0.11762000  0.13238000 -0.12763999  0.13325000 -0.59920001  0.44733000
Ace Val Glu C0Phe  0.12688000 -0.12933000 -0.12688001  0.13664000 -0.11764000  0.13595000 -0.09101000 -0.04440000  0.06042000  0.06042000  0.08004000  0.12635000  0.60977000 -0.56320000 -0.56839001  0.32212999 -0.11764000  0.13595000 -0.12688001  0.13664000 -0.60213000  0.43773001
Ace Val Val C0Phe  0.13211000 -0.12372000 -0.12785999  0.13366000 -0.11671000  0.13333000 -0.09221000 -0.04606000  0.06700000  0.06700000  0.07412000  0.12419000  0.61251003 -0.55530000 -0.56545001  0.32249001 -0.11671000  0.13333000 -0.12785999  0.13366000 -0.59201002  0.44573000
Ace Val Asn C0Phe  0.13256000 -0.12398000 -0.12660000  0.13479000 -0.11715000  0.13360000 -0.09423000 -0.04394000  0.06704000  0.06704000  0.07466000  0.12443000  0.61070001 -0.55160999 -0.55979002  0.32484999 -0.11715000  0.13360000 -0.12660000  0.13479000 -0.59960002  0.44641000
Ace Val Lyn C0Phe  0.13305000 -0.12354000 -0.12761000  0.13330001 -0.11878000  0.13218001 -0.08820000 -0.04339000  0.06623000  0.06623000  0.07109000  0.12808000  0.60670000 -0.54578000 -0.55778003  0.32236999 -0.11878000  0.13218001 -0.12761000  0.13330001 -0.59825998  0.44736001
Ace Val Trp C0Phe  0.13180000 -0.12489000 -0.12714000  0.13400000 -0.11700000  0.13348000 -0.09132000 -0.04356000  0.06524000  0.06524000  0.07620000  0.12583999  0.60782999 -0.55087000 -0.56151003  0.32014999 -0.11700000  0.13348000 -0.12714000  0.13400000 -0.59987003  0.44591001
Ace Val Lys C0Phe  0.13890000 -0.11797000 -0.12493000  0.13826001 -0.11900000  0.13082001 -0.10060000 -0.04050000  0.07093000  0.07093000  0.07006000  0.12695000  0.61353999 -0.56029999 -0.55171001  0.32416001 -0.11900000  0.13082001 -0.12493000  0.13826001 -0.59302002  0.45120999
Ace Val Ash C0Phe  0.13269000 -0.12405999 -0.12693000  0.13464000 -0.11674000  0.13372000 -0.09452000 -0.04408000  0.06792000  0.06792000  0.07470000  0.12382000  0.61104000 -0.54900998 -0.55923003  0.32523999 -0.11674000  0.13372000 -0.12693000  0.13464000 -0.59886998  0.44729001
Ace Val Hid C0Phe  0.13282000 -0.12395000 -0.12706999  0.13466001 -0.11771000  0.13322000 -0.09222000 -0.04377000  0.06621000  0.06621000  0.07305000  0.12748000  0.60904998 -0.54920000 -0.56193000  0.32146999 -0.11771000  0.13322000 -0.12706999  0.13466001 -0.59904999  0.44729000
Ace Val Gly C0Phe  0.13320000 -0.12318000 -0.12766001  0.13384999 -0.11778000  0.13286000 -0.09115000 -0.04448000  0.06910000  0.06910000  0.07139000  0.12830999  0.60860002 -0.54628998 -0.55704999  0.32049999 -0.11778000  0.13286000 -0.12766001  0.13384999 -0.60456997  0.44925001
Ace Val Leu C0Phe  0.13223000 -0.12396000 -0.12785000  0.13358000 -0.11680000  0.13339999 -0.09192000 -0.04658000  0.06690000  0.06690000  0.07402000  0.12458000  0.61282003 -0.55474001 -0.56424999  0.32385999 -0.11680000  0.13339999 -0.12785000  0.13358000 -0.59263003  0.44595000
Ace Val Ala C0Phe  0.13307001 -0.12305000 -0.12741000  0.13379000 -0.11825000  0.13241000 -0.09022000 -0.04493000  0.06615000  0.06615000  0.07273000  0.12814000  0.60933000 -0.54795998 -0.56073999  0.32341000 -0.11825000  0.13241000 -0.12741000  0.13379000 -0.59700000  0.44705999
Ace Val Arg C0Phe  0.13502000 -0.12138000 -0.12858000  0.13030000 -0.11900000  0.12991001 -0.08363000 -0.04320000  0.07119000  0.07119000  0.06288000  0.12980001  0.60786998 -0.53762001 -0.55105001  0.32203001 -0.11900000  0.12991001 -0.12858000  0.13030000 -0.59906000  0.45628000
Ace Val Tyr C0Phe  0.13214000 -0.12450000 -0.12693000  0.13436000 -0.11712000  0.13323000 -0.09198000 -0.04333000  0.06554000  0.06554000  0.07534000  0.12670000  0.60817999 -0.55097002 -0.56106001  0.32071999 -0.11712000  0.13323000 -0.12693000  0.13436000 -0.59938997  0.44664002
Ace Val Met C0Phe  0.13307001 -0.12543000 -0.12654000  0.13695000 -0.11959000  0.13254001 -0.09218999 -0.04272000  0.06714000  0.06714000  0.07242000  0.12791001  0.60623998 -0.54448002 -0.55606001  0.32220000 -0.11959000  0.13254001 -0.12654000  0.13695000 -0.60148000  0.44770000
