Ace Val Glh C0Ser  0.40970999 -0.58424997  0.11576000  0.04287000  0.04287000  0.06341000  0.13775000  0.62089002 -0.55905002 -0.56466001  0.32841000 -0.57589000  0.44725001
Ace Val Thr C0Ser  0.41001999 -0.59359002  0.11156000  0.04821000  0.04821000  0.06539000  0.12828000  0.62820000 -0.55215001 -0.57242000  0.32892999 -0.58994001  0.44654000
Ace Val Glu C0Ser  0.40066999 -0.59296000  0.11133000  0.04449000  0.04449000  0.07079000  0.12849000  0.62339997 -0.55768001 -0.57580000  0.33043000 -0.58657998  0.43961000
Ace Val Hip C0Ser  0.41542000 -0.57732999  0.12330000  0.04379000  0.04379000  0.04743000  0.13423000  0.62265998 -0.55905002 -0.55818999  0.32835999 -0.56549001  0.45897999
Ace Val Met C0Ser  0.40952000 -0.58556998  0.11499000  0.04306000  0.04306000  0.06519000  0.13863000  0.62118000 -0.56002998 -0.56999999  0.33158001 -0.57560003  0.44810000
Ace Val Pro C0Ser  0.40885001 -0.58866000  0.11329000  0.04564000  0.04564000  0.06432999  0.13088999  0.62518000 -0.55704999 -0.58157003  0.32662001 -0.58446998  0.44758001
Ace Val Asn C0Ser  0.40842000 -0.58473003  0.11875000  0.04607000  0.04607000  0.05422000  0.12861000  0.62348002 -0.55261999 -0.57170999  0.33660001 -0.58153999  0.44896001
Ace Val Cyx C0Ser  0.41084999 -0.59720999  0.11092000  0.04821000  0.04821000  0.06550000  0.12926000  0.62854999 -0.54351997 -0.56270999  0.33241001 -0.59628999  0.44779000
Ace Val Hid C0Ser  0.40924001 -0.58512998  0.11548000  0.04119000  0.04119000  0.06736000  0.13315000  0.62207001 -0.55969000 -0.56959999  0.33043000 -0.57494003  0.44812000
Ace Val Ile C0Ser  0.40871999 -0.58713001  0.11037001  0.04281000  0.04281000  0.06932000  0.13175000  0.62765998 -0.55616998 -0.57301002  0.33169002 -0.58045000  0.44770000
Ace Val Phe C0Ser  0.40821999 -0.58522999  0.11411000  0.04369000  0.04369000  0.06463000  0.13037001  0.62558001 -0.55982000 -0.57363999  0.33340001 -0.57594001  0.44841999
Ace Val Tyr C0Ser  0.40814999 -0.58503997  0.11446000  0.04803000  0.04803000  0.05787000  0.12756000  0.62509000 -0.55658001 -0.57339001  0.33327001 -0.58067000  0.44863000
Ace Val Arg C0Ser  0.41554001 -0.58124000  0.11727000  0.04901000  0.04901000  0.05374000  0.13709000  0.62268001 -0.56634998 -0.55868000  0.32673001 -0.57444000  0.45267999
Ace Val Lys C0Ser  0.41090000 -0.57647002  0.12067000  0.03543000  0.03543000  0.05738000  0.13506000  0.62663001 -0.55699998 -0.56879997  0.33623001 -0.56682998  0.45705000
Ace Val Leu C0Ser  0.40878001 -0.58894003  0.11260000  0.04546000  0.04546000  0.06521000  0.12593999  0.62886000 -0.55377001 -0.57204998  0.33434000 -0.58093000  0.44791001
Ace Val Trp C0Ser  0.40766001 -0.58535999  0.11307000  0.04126000  0.04126000  0.06989000  0.13237999  0.62599999 -0.56291997 -0.57670999  0.33245000 -0.57489002  0.44802999
Ace Val Lyn C0Ser  0.40975001 -0.58595002  0.11640000  0.04290000  0.04290000  0.06583000  0.13661000  0.61941999 -0.56185001 -0.56555998  0.32721999 -0.57590002  0.44683000
Ace Val Cys C0Ser  0.40953001 -0.58455998  0.11513000  0.04275000  0.04275000  0.06414999  0.14066000  0.62120002 -0.56243998 -0.56911999  0.32813000 -0.57406003  0.44813999
Ace Val Hie C0Ser  0.40741000 -0.58657998  0.11148000  0.04231000  0.04231000  0.07066000  0.13218001  0.62592000 -0.56089002 -0.57334000  0.33412999 -0.57675999  0.44659999
Ace Val Val C0Ser  0.40922001 -0.58964002  0.11073000  0.04360000  0.04360000  0.06967000  0.13025001  0.62805998 -0.55544001 -0.57178998  0.33287999 -0.58055001  0.44806999
Ace Val Ser C0Ser  0.40884000 -0.58512002  0.11292000  0.04713000  0.04713000  0.06130000  0.13349000  0.62308002 -0.55939001 -0.57568002  0.32666001 -0.57994997  0.44729999
Ace Val Ash C0Ser  0.40902001 -0.58564001  0.11643000  0.04376000  0.04376000  0.06190000  0.13070001  0.62436002 -0.55622000 -0.57034999  0.33509001 -0.57633001  0.44857001
Ace Val Gly C0Ser  0.40990999 -0.59258002  0.11092000  0.04451000  0.04451000  0.07092000  0.12704000  0.62945998 -0.55005002 -0.57362997  0.33313999 -0.58609003  0.44843000
Ace Val Ala C0Ser  0.40948001 -0.58537000  0.11722000  0.04491000  0.04491000  0.06165000  0.13447000  0.62171000 -0.56189001 -0.56862003  0.32958001 -0.57560998  0.44732001
Ace Val Asp C0Ser  0.40052000 -0.59584999  0.10534000  0.04788000  0.04788000  0.06851000  0.12611000  0.62808001 -0.55891001 -0.58111000  0.33434001 -0.59289998  0.43472001
Ace Val Gln C0Ser  0.40961999 -0.58620000  0.11590000  0.04497000  0.04497000  0.06142000  0.13448000  0.62230998 -0.56102997 -0.56505000  0.32677001 -0.57638001  0.44661999
