Ace Val Hid C0Thr  0.41001001 -0.59521002  0.12601000  0.05375000 -0.12703000  0.05162000  0.05162000  0.05162000  0.06925000  0.12173000  0.62598997 -0.53351003 -0.56040001  0.33825001 -0.60272998  0.44837001
Ace Val Lyn C0Thr  0.41086000 -0.59759998  0.12924001  0.05381000 -0.13133000  0.05276000  0.05276000  0.05276000  0.07334000  0.12379000  0.62141001 -0.53596002 -0.55588001  0.33829999 -0.60417998  0.44705999
Ace Val Lys C0Thr  0.41341999 -0.59031999  0.12942000  0.05865000 -0.12701000  0.04752000  0.04752000  0.04752000  0.06285000  0.12452000  0.62344003 -0.53394002 -0.55344999  0.33978000 -0.59074998  0.45653001
Ace Val Met C0Thr  0.41003001 -0.59053999  0.12713000  0.05682000 -0.12201000  0.05381000  0.05381000  0.05381000  0.05596000  0.11976000  0.63147998 -0.54733002 -0.56357002  0.33601999 -0.59144998  0.44980001
Ace Val Arg C0Thr  0.41725001 -0.60206002  0.13020000  0.06206000 -0.13040000  0.05598000  0.05598000  0.05598000  0.06219000  0.12454000  0.62673998 -0.54686999 -0.54733002  0.33730999 -0.59759998  0.45190999
Ace Val Ala C0Thr  0.40985000 -0.59429998  0.12888999  0.05499000 -0.12526000  0.05318000  0.05318000  0.05318000  0.06418000  0.12204000  0.62502002 -0.53928000 -0.55887998  0.33803001 -0.60083002  0.44804000
Ace Val Cyx C0Thr  0.40985998 -0.59691000  0.13161001  0.05743000 -0.11903000  0.05463000  0.05463000  0.05463000  0.05488000  0.12478000  0.61715001 -0.54418999 -0.55897999  0.33223000 -0.60215002  0.44665000
Ace Val Gly C0Thr  0.41119000 -0.59820002  0.13158999  0.05503000 -0.12918000  0.05197000  0.05197000  0.05197000  0.07278000  0.12252000  0.61820000 -0.53127998 -0.55483001  0.33728999 -0.60729998  0.44707000
Ace Val Val C0Thr  0.40941000 -0.59266001  0.12360000  0.05531000 -0.12845001  0.05247000  0.05247000  0.05247000  0.06677000  0.12094000  0.63163000 -0.54860997 -0.56648999  0.33385000 -0.59042001  0.44804999
Ace Val Ser C0Thr  0.40888000 -0.59873003  0.12524000  0.05207000 -0.13149001  0.05372000  0.05372000  0.05372000  0.07500000  0.12426000  0.62388003 -0.53138000 -0.55928999  0.33732000 -0.60866999  0.44672001
Ace Val Ile C0Thr  0.40939999 -0.59241003  0.12393000  0.05513000 -0.12867001  0.05262000  0.05262000  0.05262000  0.06740000  0.12086000  0.63160998 -0.54901999 -0.56555998  0.33414000 -0.59031999  0.44850001
Ace Val Phe C0Thr  0.40917000 -0.59219998  0.12361000  0.05496000 -0.12751999  0.05217000  0.05217000  0.05217000  0.06767000  0.11981000  0.63214999 -0.54718000 -0.56581002  0.33504999 -0.59126002  0.44843000
Ace Val Hie C0Thr  0.40845001 -0.59560001  0.12475001  0.05263000 -0.12987999  0.05155000  0.05155000  0.05155000  0.07498000  0.12230000  0.62390000 -0.53277999 -0.56037003  0.33958000 -0.60435998  0.44643000
Ace Val Trp C0Thr  0.40851000 -0.59209001  0.12241000  0.05716000 -0.12701000  0.05171000  0.05171000  0.05171000  0.06825000  0.11772000  0.63234001 -0.54821998 -0.56629002  0.33412999 -0.59065998  0.44777000
Ace Val Tyr C0Thr  0.40882999 -0.59371001  0.12443000  0.05471000 -0.13298000  0.05115000  0.05115000  0.05115000  0.07625000  0.12290000  0.62783998 -0.54293001 -0.56418002  0.33618000 -0.59412998  0.44736001
Ace Val Ash C0Thr  0.40948999 -0.59507000  0.12691000  0.05384000 -0.12924000  0.05087000  0.05087000  0.05087000  0.07233000  0.12284000  0.62307000 -0.52895999 -0.55725002  0.34061000 -0.60334003  0.44800002
Ace Val Asp C0Thr  0.39974999 -0.59473997  0.11999000  0.04561000 -0.13035000  0.05272000  0.05272000  0.05272000  0.07635000  0.11795000  0.63221997 -0.54286999 -0.57001001  0.33904999 -0.61198998  0.43496999
Ace Val Asn C0Thr  0.40871000 -0.59209001  0.12559000  0.05319000 -0.12538999  0.05138000  0.05138000  0.05138000  0.06551000  0.11949000  0.62998003 -0.54013997 -0.56291002  0.33949000 -0.59446001  0.44861001
Ace Val Leu C0Thr  0.40937999 -0.59425997  0.12370000  0.05765000 -0.12540000  0.05197000  0.05197000  0.05197000  0.06655000  0.11778000  0.62864000 -0.54137999 -0.56132000  0.33561999 -0.59680003  0.44823000
Ace Val Glh C0Thr  0.41148999 -0.59909999  0.13059001  0.05491000 -0.13038001  0.05298000  0.05298000  0.05298000  0.07120000  0.12370000  0.62004000 -0.53047001 -0.55208999  0.33818000 -0.60784000  0.44782001
Ace Val Cys C0Thr  0.41012001 -0.59249002  0.12693000  0.05579000 -0.12369000  0.05338000  0.05338000  0.05338000  0.05989000  0.12280000  0.63047999 -0.54448003 -0.56195998  0.33476999 -0.59433001  0.44902000
Ace Val Glu C0Thr  0.40011001 -0.59008002  0.13151001  0.04036000 -0.12743001  0.05042000  0.05042000  0.05042000  0.07950000  0.11692000  0.61190999 -0.52073002 -0.55791002  0.33666000 -0.62083000  0.43871001
Ace Val Hip C0Thr  0.41644001 -0.60398000  0.12712000  0.06770000 -0.12792000  0.05097000  0.05097000  0.05097000  0.06469000  0.12688000  0.62349999 -0.53198999 -0.54681998  0.33627000 -0.59193999  0.45859000
Ace Val Gln C0Thr  0.41051000 -0.59729999  0.13132000  0.05407000 -0.12691000  0.05301000  0.05301000  0.05301000  0.06689000  0.12135000  0.61989999 -0.53166002 -0.55154002  0.33728999 -0.60614002  0.44762001
Ace Val Pro C0Thr  0.40827999 -0.58995998  0.12060000  0.06640000 -0.12912001  0.05056000  0.05056000  0.05056000  0.06671000  0.11953000  0.63437998 -0.55962002 -0.57814002  0.32584000 -0.58274001  0.44760001
Ace Val Thr C0Thr  0.41023001 -0.59807002  0.13057000  0.05300000 -0.13066999  0.05286000  0.05286000  0.05286000  0.07207000  0.12449000  0.62199998 -0.53948998 -0.55800003  0.33649999 -0.60392999  0.44593999
