Ace Val Ser C0Trp  0.13166000 -0.15243000 -0.11244000  0.13029000 -0.14327000  0.13210000  0.07956000 -0.08135000 -0.08718000  0.13356000 -0.15214001 -0.01298000  0.06451000  0.06451000  0.07108000  0.12617999  0.61037999 -0.55047000 -0.55901998  0.31893000  0.02181000  0.16801000 -0.57929999  0.45513001 -0.60592002  0.44688001
Ace Val Tyr C0Trp  0.13108000 -0.15196000 -0.11229000  0.12954000 -0.14433999  0.13116001  0.07886000 -0.08219000 -0.08518000  0.13756999 -0.15537000 -0.01320000  0.06410000  0.06410000  0.07005000  0.13010000  0.60966998 -0.54995000 -0.55781001  0.31999001  0.02539000  0.16941000 -0.58043999  0.45414999 -0.60707003  0.44667000
Ace Val Glu C0Trp  0.12432000 -0.15143999 -0.12045000  0.12275000 -0.13372999  0.13245000  0.07722000 -0.07889000 -0.09192000  0.12915000 -0.16920000 -0.00877000  0.05711000  0.05711000  0.07454000  0.12577000  0.61189997 -0.57306999 -0.56073999  0.31871000  0.03238000  0.17035000 -0.56335997  0.47084001 -0.59825998  0.43647999
Ace Val Arg C0Trp  0.13540999 -0.14941000 -0.10732000  0.13478000 -0.14204000  0.13473999  0.07717000 -0.08672000 -0.08479000  0.14116000 -0.13209000 -0.01461000  0.06938000  0.06938000  0.05938000  0.13149001  0.60786998 -0.53552997 -0.54509998  0.31905001 -0.00187000  0.15618999 -0.58034003  0.44413000 -0.60742998  0.45530000
Ace Val Cys C0Trp  0.13143000 -0.15118000 -0.11103000  0.13178000 -0.14033000  0.13369000  0.08096000 -0.08239000 -0.09114000  0.13240000 -0.15410000 -0.01080000  0.06475000  0.06475000  0.07360000  0.12434999  0.60724002 -0.54771000 -0.55462998  0.31907001  0.02017000  0.16615000 -0.57757998  0.45600000 -0.60053998  0.44604999
Ace Val Glh C0Trp  0.13190000 -0.15049000 -0.10984000  0.13064000 -0.14322001  0.13243000  0.08125000 -0.08438000 -0.08573000  0.13737001 -0.15225001 -0.01150000  0.06479000  0.06479000  0.06578000  0.13122000  0.61045003 -0.54807001 -0.55375999  0.32054001  0.01633000  0.16515000 -0.57999998  0.45581999 -0.60390002  0.44815999
Ace Val Asn C0Trp  0.13046999 -0.15219000 -0.11273000  0.12960000 -0.14267001  0.13178000  0.07957000 -0.08283000 -0.08723000  0.13709000 -0.15892001 -0.01090000  0.06448000  0.06448000  0.06917000  0.12884000  0.61094999 -0.55133998 -0.55710000  0.32203001  0.02811000  0.17048000 -0.57841998  0.45462999 -0.60560000  0.44566000
Ace Val Gly C0Trp  0.13149001 -0.15215000 -0.11144000  0.13044000 -0.14266001  0.13242000  0.08112000 -0.08308000 -0.08667000  0.13510001 -0.15151000 -0.01082000  0.06522000  0.06522000  0.07015000  0.12711000  0.60830998 -0.54854000 -0.55531001  0.31775999  0.02093000  0.16518000 -0.58016998  0.45570999 -0.60750002  0.44756001
Ace Val Val C0Trp  0.13117000 -0.15208000 -0.11081000  0.13042000 -0.14269000  0.13236000  0.08136000 -0.08464000 -0.08685000  0.13737001 -0.15260001 -0.01165000  0.06424000  0.06424000  0.07202000  0.12627999  0.60859001 -0.55039001 -0.55760998  0.31860000  0.02120000  0.16548000 -0.57997000  0.45497000 -0.60426003  0.44604000
Ace Val Pro C0Trp  0.12936001 -0.15344000 -0.11246000  0.12944999 -0.14115000  0.13206001  0.08199000 -0.08038000 -0.08621000  0.13154000 -0.15182000 -0.01097000  0.06415000  0.06415000  0.07436000  0.11804000  0.61172998 -0.54475999 -0.56453001  0.31630999  0.02032000  0.16918001 -0.57849997  0.45460001 -0.60768002  0.44422999
Ace Val Phe C0Trp  0.13142000 -0.15255000 -0.11084000  0.13003001 -0.14421000  0.13170999  0.08063000 -0.08459000 -0.08541000  0.13985001 -0.15395001 -0.01112000  0.06547000  0.06547000  0.06946000  0.12962000  0.60760999 -0.54816002 -0.55387998  0.31738999  0.02276000  0.16685000 -0.58126003  0.45467001 -0.61006999  0.44767001
Ace Val Cyx C0Trp  0.13138001 -0.15135001 -0.11047000  0.13037001 -0.13935000  0.13541999  0.08444000 -0.08366000 -0.08547000  0.13581000 -0.14963999 -0.01187000  0.06712000  0.06712000  0.07540000  0.12509000  0.60740000 -0.54719001 -0.54566002  0.31586999  0.00764000  0.15910999 -0.57497001  0.45763999 -0.60517001  0.44727999
Ace Val Leu C0Trp  0.13117000 -0.15254000 -0.11102000  0.13016000 -0.14320999  0.13198000  0.08118000 -0.08456000 -0.08601000  0.13830000 -0.15264000 -0.01087000  0.06454000  0.06454000  0.07112000  0.12592000  0.60895002 -0.55232000 -0.55527002  0.31828001  0.02131000  0.16594000 -0.57998002  0.45469001 -0.60272002  0.44617999
Ace Val Hid C0Trp  0.13096000 -0.15175000 -0.11228000  0.12966000 -0.14331000  0.13135000  0.08013000 -0.08210000 -0.08634000  0.13687000 -0.15521000 -0.01348000  0.06446000  0.06446000  0.06979000  0.12795000  0.61163998 -0.54900002 -0.55774999  0.32119000  0.02454000  0.16954000 -0.57975000  0.45379001 -0.60512000  0.44745001
Ace Val Hip C0Trp  0.13778999 -0.14427000 -0.10515000  0.13765000 -0.14153001  0.13585999  0.07868000 -0.08624000 -0.09011000  0.13887000 -0.16729000 -0.00940000  0.06992000  0.06992000  0.06191000  0.13820000  0.60922003 -0.52555001 -0.54381001  0.31367999  0.02109000  0.16343000 -0.57840002  0.45581999 -0.62546998  0.45368001
Ace Val Gln C0Trp  0.13106000 -0.14992000 -0.11047000  0.13046999 -0.14094999  0.13309000  0.08019000 -0.08363000 -0.08766000  0.13472000 -0.15404999 -0.01141000  0.06439000  0.06439000  0.06865000  0.12786999  0.60926002 -0.54817998 -0.55040997  0.32097000  0.01785000  0.16475000 -0.57744002  0.45736000 -0.60341001  0.44685999
Ace Val Ash C0Trp  0.13063000 -0.15189999 -0.11252000  0.12987000 -0.14250000  0.13168000  0.07923000 -0.08242000 -0.08723000  0.13687000 -0.16054000 -0.01198000  0.06460000  0.06460000  0.07023000  0.12805000  0.61164999 -0.55009001 -0.55651998  0.32229999  0.02835000  0.17057000 -0.57778001  0.45475999 -0.60329002  0.44648001
Ace Val Asp C0Trp  0.12336000 -0.15883000 -0.12095000  0.12051000 -0.14403001  0.12642001  0.07664000 -0.07796000 -0.08449000  0.13777999 -0.14218000 -0.01381000  0.05765000  0.05765000  0.07346000  0.12372000  0.60960001 -0.56559003 -0.56642002  0.32459000  0.03186000  0.17716999 -0.57832998  0.44771999 -0.60146999  0.43715000
Ace Val Ala C0Trp  0.13145000 -0.15233000 -0.11021000  0.13099000 -0.14323001  0.13275001  0.08151000 -0.08381000 -0.08583000  0.13615000 -0.15012000 -0.01288000  0.06364000  0.06364000  0.07047000  0.12766001  0.61032999 -0.54833001 -0.55811000  0.32181999  0.01692000  0.16468001 -0.58100998  0.45528999 -0.60052001  0.44648001
Ace Val Lyn C0Trp  0.13183001 -0.15270001 -0.11070000  0.13089000 -0.14341000  0.13254000  0.08145000 -0.08410000 -0.08588000  0.13700999 -0.14948000 -0.01204000  0.06507000  0.06507000  0.06871000  0.12805000  0.60810000 -0.54681999 -0.55475998  0.32067001  0.01697000  0.16471000 -0.58139998  0.45455000 -0.60469002  0.44762999
Ace Val Met C0Trp  0.13181999 -0.15027000 -0.11016000  0.13117000 -0.14214000  0.13318001  0.07916000 -0.08526000 -0.08718000  0.13513000 -0.15511000 -0.01115000  0.06450000  0.06450000  0.07030000  0.12554000  0.60749000 -0.54688001 -0.55335999  0.32188001  0.01831000  0.16642000 -0.57742000  0.45694000 -0.59960997  0.44606000
Ace Val Hie C0Trp  0.13023999 -0.15297000 -0.11190000  0.12913001 -0.14410999  0.13063000  0.08025000 -0.08251000 -0.08524000  0.13832000 -0.15189000 -0.01352000  0.06412000  0.06412000  0.06994000  0.12966999  0.61028999 -0.55014002 -0.55958003  0.32243001  0.02380000  0.16861001 -0.58102000  0.45276999 -0.60698998  0.44672000
Ace Val Trp C0Trp  0.13064000 -0.15220000 -0.11202000  0.12930000 -0.14410000  0.13083000  0.07983000 -0.08201000 -0.08494000  0.13687000 -0.15219000 -0.01356000  0.06362000  0.06362000  0.07013000  0.12852000  0.61087000 -0.54874998 -0.55903000  0.32144001  0.02351000  0.16804001 -0.58024001  0.45337000 -0.60737002  0.44654000
Ace Val Lys C0Trp  0.13502000 -0.14769000 -0.10821000  0.13601001 -0.14049999  0.13628000  0.07978000 -0.08496000 -0.09115000  0.13544001 -0.16436000 -0.00953000  0.06932000  0.06932000  0.06532000  0.12966000  0.60992003 -0.54044002 -0.54728001  0.32267001  0.02203000  0.16511001 -0.57726002  0.45763999 -0.61208999  0.44863001
Ace Val Ile C0Trp  0.13123000 -0.15198000 -0.11110000  0.13037001 -0.14266001  0.13231000  0.08126000 -0.08492000 -0.08636000  0.13732000 -0.15302999 -0.00991000  0.06425000  0.06425000  0.07048000  0.12717999  0.60716999 -0.55114001 -0.55575001  0.31702000  0.02165000  0.16561000 -0.58017999  0.45510000 -0.60443002  0.44602001
Ace Val Thr C0Trp  0.13147999 -0.15290000 -0.11107000  0.13063000 -0.14385000  0.13208000  0.08068000 -0.08371000 -0.08616000  0.13586999 -0.14628001 -0.01223000  0.06497000  0.06497000  0.06957000  0.12513999  0.60812002 -0.55017001 -0.55660999  0.31852001  0.01717000  0.16470000 -0.58144999  0.45366999 -0.60241002  0.44670999
