Ace Val Ala C0Tyr  0.42058000 -0.49520999  0.13100000 -0.18314000  0.14470000 -0.08238000  0.13449000 -0.12586001 -0.03768000  0.06573000  0.06573000  0.07226000  0.12610000  0.60847002 -0.54365999 -0.55956000  0.32188001 -0.08238000  0.13449000 -0.18314000  0.14470000 -0.60166001  0.44745001
Ace Val Hip C0Tyr  0.42609998 -0.49173001  0.13852000 -0.18133000  0.14962000 -0.08000000  0.13304000 -0.14319000 -0.03555000  0.07092000  0.07092000  0.06796000  0.12981000  0.61146998 -0.54240000 -0.54918999  0.31439000 -0.08000000  0.13304000 -0.18133000  0.14962000 -0.60584998  0.45515999
Ace Val Arg C0Tyr  0.42363000 -0.49625999  0.13311000 -0.18542001  0.14158000 -0.08232000  0.13331000 -0.12103000 -0.03624000  0.06956000  0.06956000  0.06064000  0.12951000  0.60729003 -0.53890002 -0.54908001  0.32159001 -0.08232000  0.13331000 -0.18542001  0.14158000 -0.59786999  0.45539999
Ace Val Glu C0Tyr  0.41419000 -0.49763000  0.12574001 -0.17944000  0.14849000 -0.08199000  0.13696000 -0.12746000 -0.03685000  0.05963000  0.05963000  0.07789000  0.12496000  0.60970998 -0.57283002 -0.56322998  0.31805000 -0.08199000  0.13696000 -0.17944000  0.14849000 -0.59403997  0.43831000
Ace Val Hid C0Tyr  0.42039001 -0.49667999  0.12994000 -0.18273000  0.14482001 -0.08091000  0.13620999 -0.12786999 -0.03677000  0.06611000  0.06611000  0.07119000  0.12690000  0.60839999 -0.54689997 -0.55918002  0.32085002 -0.08091000  0.13620999 -0.18273000  0.14482001 -0.60359001  0.44832999
Ace Val Ile C0Tyr  0.41973001 -0.49539000  0.12983000 -0.18227001  0.14531000 -0.08133000  0.13479000 -0.12725000 -0.03518000  0.06518000  0.06518000  0.07368000  0.12423000  0.60589999 -0.54838002 -0.55950999  0.31725001 -0.08133000  0.13479000 -0.18227001  0.14531000 -0.60285998  0.44646999
Ace Val Lyn C0Tyr  0.42052001 -0.49542001  0.13082001 -0.18352000  0.14448001 -0.08241000  0.13483000 -0.12549999 -0.03697000  0.06630000  0.06630000  0.07196000  0.12403000  0.60606998 -0.54219001 -0.55756002  0.32001999 -0.08241000  0.13483000 -0.18352000  0.14448001 -0.60197001  0.44711000
Ace Val Lys C0Tyr  0.42476001 -0.48962000  0.13885000 -0.18193001  0.14927000 -0.08149000  0.13288000 -0.14029001 -0.03340000  0.06947000  0.06947000  0.06972000  0.12781000  0.61420000 -0.56612003 -0.55347002  0.32229999 -0.08149000  0.13288000 -0.18193001  0.14927000 -0.59394002  0.45021001
Ace Val Thr C0Tyr  0.42067999 -0.49645001  0.13099000 -0.18325999  0.14384000 -0.08146000  0.13441999 -0.12465000 -0.03719000  0.06715000  0.06715000  0.07006000  0.12617000  0.60597998 -0.54782998 -0.55599999  0.31435001 -0.08146000  0.13441999 -0.18325999  0.14384000 -0.60329002  0.44911999
Ace Val Leu C0Tyr  0.41980001 -0.49636999  0.12996000 -0.18364000  0.14455000 -0.08005000  0.13650000 -0.12912001 -0.04098000  0.06673000  0.06673000  0.07428000  0.12170000  0.61387998 -0.55449998 -0.56198001  0.32240999 -0.08005000  0.13650000 -0.18364000  0.14455000 -0.59385002  0.44541001
Ace Val Met C0Tyr  0.42048001 -0.49513999  0.12965000 -0.18204001  0.14692999 -0.08298000  0.13534000 -0.12933999 -0.03581000  0.06648000  0.06648000  0.07182000  0.12418000  0.60571998 -0.54329002 -0.55449998  0.32135001 -0.08298000  0.13534000 -0.18204001  0.14692999 -0.60210002  0.44773999
Ace Val Glh C0Tyr  0.42024001 -0.49529001  0.13039000 -0.18289000  0.14638001 -0.08248000  0.13483000 -0.12741999 -0.03490000  0.06536000  0.06536000  0.06844000  0.12727000  0.60679001 -0.54496002 -0.55475003  0.32113001 -0.08248000  0.13483000 -0.18289000  0.14638001 -0.60048997  0.44742000
Ace Val Gly C0Tyr  0.42008001 -0.49544001  0.13062000 -0.18279000  0.14486000 -0.08161000  0.13519999 -0.12711001 -0.03758000  0.06812000  0.06812000  0.07175000  0.12683999  0.60709000 -0.54544002 -0.55686998  0.31749001 -0.08161000  0.13519999 -0.18279000  0.14486000 -0.60769999  0.44944000
Ace Val Gln C0Tyr  0.41958001 -0.49447000  0.13038000 -0.18171000  0.14714000 -0.08256000  0.13423000 -0.12864999 -0.03611000  0.06546000  0.06546000  0.07019000  0.12656000  0.60746002 -0.54556000 -0.55496001  0.32084000 -0.08256000  0.13423000 -0.18171000  0.14714000 -0.60298997  0.44758999
Ace Val Ser C0Tyr  0.42015999 -0.49660000  0.12972000 -0.18341001  0.14444999 -0.08122000  0.13586999 -0.12576001 -0.03699000  0.06636000  0.06636000  0.07158000  0.12711000  0.60808998 -0.54816997 -0.56024999  0.31731999 -0.08122000  0.13586999 -0.18341001  0.14444999 -0.60509998  0.44773000
Ace Val Cys C0Tyr  0.42085999 -0.49491000  0.13263001 -0.18167999  0.14528000 -0.08133000  0.13286001 -0.12807000 -0.03540000  0.06578000  0.06578000  0.07328000  0.12597001  0.60618001 -0.54334998 -0.55589998  0.31867001 -0.08133000  0.13286001 -0.18167999  0.14528000 -0.60154003  0.44720000
Ace Val Hie C0Tyr  0.41948000 -0.49671000  0.12869000 -0.18308000  0.14471000 -0.08100000  0.13675000 -0.12703000 -0.03713000  0.06572000  0.06572000  0.07307000  0.12441000  0.60733998 -0.54939997 -0.55893999  0.31937999 -0.08100000  0.13675000 -0.18308000  0.14471000 -0.60302001  0.44646999
Ace Val Trp C0Tyr  0.41970000 -0.49645999  0.12876999 -0.18310000  0.14469001 -0.08104000  0.13625000 -0.12667000 -0.03657000  0.06548000  0.06548000  0.07283000  0.12448000  0.60692000 -0.54842001 -0.56005001  0.31878999 -0.08104000  0.13625000 -0.18310000  0.14469001 -0.60275000  0.44696000
Ace Val Asn C0Tyr  0.42032999 -0.49678999  0.13068000 -0.18183000  0.14596000 -0.08009000  0.13599000 -0.13141000 -0.03532000  0.06557000  0.06557000  0.07488000  0.12308000  0.60957003 -0.55131000 -0.55868000  0.32273001 -0.08009000  0.13599000 -0.18183000  0.14596000 -0.60241002  0.44604999
Ace Val Cyx C0Tyr  0.41942999 -0.49452999  0.13162001 -0.18062000  0.14612000 -0.08050000  0.13258000 -0.12922999 -0.03730000  0.06721000  0.06721000  0.07257000  0.12793000  0.60701001 -0.54632997 -0.55149001  0.31580001 -0.08050000  0.13258000 -0.18062000  0.14612000 -0.60541999  0.44947001
Ace Val Val C0Tyr  0.42028001 -0.49592999  0.12998000 -0.18279000  0.14506000 -0.08132000  0.13518000 -0.12712000 -0.03546000  0.06546000  0.06546000  0.07381000  0.12377000  0.60645002 -0.54734999 -0.55901998  0.31766000 -0.08132000  0.13518000 -0.18279000  0.14506000 -0.60328001  0.44659999
Ace Val Pro C0Tyr  0.41905001 -0.49676999  0.12921999 -0.18431000  0.14364000 -0.07961000  0.13788000 -0.12793000 -0.04627000  0.06736000  0.06736000  0.07425000  0.12187000  0.61826998 -0.56156999 -0.56928998  0.32132000 -0.07961000  0.13788000 -0.18431000  0.14364000 -0.58697998  0.44431001
Ace Val Tyr C0Tyr  0.41984001 -0.49642000  0.12908999 -0.18302000  0.14500999 -0.08112000  0.13676999 -0.12804000 -0.03745000  0.06590000  0.06590000  0.07320000  0.12543000  0.60821998 -0.54900998 -0.55965001  0.32080000 -0.08112000  0.13676999 -0.18302000  0.14500999 -0.60258001  0.44707000
Ace Val Phe C0Tyr  0.42041001 -0.49621999  0.12994000 -0.18302000  0.14529000 -0.08140000  0.13627000 -0.12839000 -0.03673000  0.06533000  0.06533000  0.07337000  0.12467000  0.60810000 -0.54865003 -0.56015998  0.32030001 -0.08140000  0.13627000 -0.18302000  0.14529000 -0.60082001  0.44690001
Ace Val Ash C0Tyr  0.42043001 -0.49623000  0.13050000 -0.18154999  0.14618001 -0.08035000  0.13574000 -0.13201000 -0.03564000  0.06643000  0.06643000  0.07521000  0.12200000  0.60841000 -0.54795003 -0.55684000  0.32194001 -0.08035000  0.13574000 -0.18154999  0.14618001 -0.60233998  0.44720000
Ace Val Asp C0Tyr  0.41374001 -0.50436998  0.11915999 -0.18405000  0.13995000 -0.07976000  0.14103000 -0.11403001 -0.03764000  0.05823000  0.05823000  0.07631000  0.12242999  0.60640001 -0.55420000 -0.56901998  0.32554999 -0.07976000  0.14103000 -0.18405000  0.13995000 -0.60702002  0.43641999
