Ace Val Ser CAla  0.32558000 -0.50073999 -0.03879000  0.06492000  0.91282999 -0.82687998 -0.82687998 -0.08840000  0.02800000  0.02800000  0.02800000
Ace Val Ash CAla  0.32594001 -0.49926001 -0.04092000  0.06532000  0.91241998 -0.82673001 -0.82673001 -0.08872000  0.02920000  0.02920000  0.02920000
Ace Val Pro CAla  0.31997999 -0.51699001 -0.03232000  0.05581000  0.91268998 -0.83166999 -0.83166999 -0.09005000  0.02977000  0.02977000  0.02977000
Ace Val Met CAla  0.32521000 -0.49823001 -0.04126000  0.06583000  0.91655999 -0.82524002 -0.82524002 -0.09242000  0.02881000  0.02881000  0.02881000
Ace Val Cyx CAla  0.32345000 -0.49573001 -0.04272000  0.06601000  0.91560000 -0.82536000 -0.82536000 -0.09039000  0.03029000  0.03029000  0.03029000
Ace Val Glu CAla  0.32413000 -0.51356000 -0.02445000  0.05871000  0.91114003 -0.83998001 -0.83998001 -0.09257000  0.02664000  0.02664000  0.02664000
Ace Val Thr CAla  0.32411998 -0.50163001 -0.04065000  0.06640000  0.91569000 -0.82764000 -0.82764000 -0.09101000  0.02757000  0.02757000  0.02757000
Ace Val Ala CAla  0.32393000 -0.50018001 -0.04003000  0.06406000  0.91627002 -0.82687998 -0.82687998 -0.09106000  0.02847000  0.02847000  0.02847000
Ace Val Hip CAla  0.32493001 -0.48886999 -0.05312000  0.06918000  0.91703999 -0.81882000 -0.81882000 -0.08836000  0.03494000  0.03494000  0.03494000
Ace Val Asn CAla  0.32574999 -0.49961999 -0.03947000  0.06320000  0.91245001 -0.82727999 -0.82727999 -0.08856000  0.02912000  0.02912000  0.02912000
Ace Val Trp CAla  0.32453999 -0.50259000 -0.03968000  0.06469000  0.91229999 -0.82857001 -0.82857001 -0.08689000  0.02773000  0.02773000  0.02773000
Ace Val Val CAla  0.32253999 -0.50362998 -0.03912000  0.06768000  0.91136003 -0.82717001 -0.82717001 -0.08765000  0.02761000  0.02761000  0.02761000
Ace Val Leu CAla  0.32339001 -0.50506002 -0.03955000  0.06554000  0.91307002 -0.82765001 -0.82765001 -0.08766000  0.02764000  0.02764000  0.02764000
Ace Val Lys CAla  0.32319999 -0.49190000 -0.04694000  0.06821000  0.91371000 -0.82231998 -0.82231998 -0.08846000  0.03255000  0.03255000  0.03255000
Ace Val Glh CAla  0.32458002 -0.49829998 -0.04329000  0.06626000  0.91680002 -0.82471001 -0.82471001 -0.09215000  0.02909000  0.02909000  0.02909000
Ace Val Hie CAla  0.32576001 -0.50278002 -0.03919000  0.06664000  0.91154999 -0.82793999 -0.82793999 -0.08734000  0.02693000  0.02693000  0.02693000
Ace Val Arg CAla  0.32363999 -0.49059001 -0.05135000  0.07103000  0.92088997 -0.81835997 -0.81835997 -0.09172000  0.02935000  0.02935000  0.02935000
Ace Val Lyn CAla  0.32407999 -0.49987000 -0.04011000  0.06674000  0.91491997 -0.82602000 -0.82602000 -0.09065000  0.02774000  0.02774000  0.02774000
Ace Val Asp CAla  0.32326999 -0.52341002 -0.02194000  0.05999000  0.91132998 -0.84263998 -0.84263998 -0.08918000  0.02081000  0.02081000  0.02081000
Ace Val Tyr CAla  0.32438999 -0.50215000 -0.03989000  0.06439000  0.91228002 -0.82827002 -0.82827002 -0.08651000  0.02800000  0.02800000  0.02800000
Ace Val Phe CAla  0.32407999 -0.50417000 -0.04061000  0.06661000  0.91207999 -0.82723999 -0.82723999 -0.08710000  0.02759000  0.02759000  0.02759000
Ace Val Gln CAla  0.32571000 -0.49972001 -0.04210000  0.06699000  0.91576999 -0.82675999 -0.82675999 -0.09110000  0.02860000  0.02860000  0.02860000
Ace Val Cys CAla  0.32139000 -0.50184000 -0.03934000  0.06568000  0.91592002 -0.82683998 -0.82683998 -0.09194000  0.02969000  0.02969000  0.02969000
Ace Val Hid CAla  0.32400000 -0.50247002 -0.04095000  0.06719000  0.91237998 -0.82618999 -0.82618999 -0.08819000  0.02820000  0.02820000  0.02820000
Ace Val Gly CAla  0.32380000 -0.50322997 -0.03914000  0.06699000  0.91381002 -0.82665002 -0.82665002 -0.08983000  0.02777000  0.02777000  0.02777000
Ace Val Ile CAla  0.32382000 -0.50533002 -0.04093000  0.06804000  0.91162998 -0.82721001 -0.82721001 -0.08743000  0.02736000  0.02736000  0.02736000
