Ace Val Gly CArg  0.32041001 -0.52046001  0.32041001  0.51214999 -0.37402001  0.33087000  0.01018000  0.06270000  0.06270000 -0.09869000  0.08577000  0.08577000 -0.07635000  0.04124000  0.04124000 -0.04013000  0.07385000  0.90140003 -0.81649000 -0.81649000 -0.52418000  0.32732999 -0.52046001  0.32041001  0.32041001
Ace Val Trp CArg  0.32040000 -0.52032000  0.32040000  0.51210999 -0.37402001  0.32984999  0.00863000  0.06355000  0.06355000 -0.09475000  0.08365000  0.08365000 -0.08022000  0.04245000  0.04245000 -0.03956000  0.07190000  0.90226001 -0.81519002 -0.81519002 -0.52192998  0.32955000 -0.52032000  0.32040000  0.32040000
Ace Val Lys CArg  0.32207000 -0.51687002  0.32207000  0.51537001 -0.37930000  0.33300999  0.01323000  0.05821000  0.05821000 -0.09882000  0.08943000  0.08943000 -0.07179000  0.03555000  0.03555000 -0.05708000  0.07534000  0.90506000 -0.80563003 -0.80563003 -0.50918001  0.33081001 -0.51687002  0.32207000  0.32207000
Ace Val Thr CArg  0.32056999 -0.52126998  0.32056999  0.51279002 -0.37454000  0.32971000  0.01100000  0.06301000  0.06301000 -0.09903001  0.08547999  0.08547999 -0.07365001  0.04054000  0.04054000 -0.04319000  0.08059000  0.89860999 -0.81993997 -0.81993997 -0.52758998  0.31812998 -0.52126998  0.32056999  0.32056999
Ace Val Ala CArg  0.32049001 -0.52063000  0.32049001  0.51268000 -0.37424999  0.33072999  0.01045000  0.06284000  0.06284000 -0.10084000  0.08706000  0.08706000 -0.07044000  0.03863000  0.03863000 -0.04881000  0.08306000  0.89978999 -0.81888002 -0.81888002 -0.52116000  0.31997001 -0.52063000  0.32049001  0.32049001
Ace Val Ser CArg  0.32058999 -0.52076000  0.32058999  0.51182997 -0.37430000  0.32988000  0.00944000  0.06337000  0.06337000 -0.09573000  0.08398000  0.08398000 -0.08067000  0.04316000  0.04316000 -0.04029000  0.07313000  0.90314001 -0.81594998 -0.81594998 -0.52495998  0.32670999 -0.52076000  0.32058999  0.32058999
Ace Val Glh CArg  0.32080000 -0.52029997  0.32080000  0.51244002 -0.37441999  0.33050999  0.00991000  0.06284000  0.06284000 -0.09903001  0.08664000  0.08664000 -0.07293000  0.03993000  0.03993000 -0.05051000  0.08053000  0.90253001 -0.81558001 -0.81558001 -0.51818001  0.32550999 -0.52029997  0.32080000  0.32080000
Ace Val Val CArg  0.32049999 -0.52025002  0.32049999  0.51201999 -0.37406000  0.33041999  0.00878000  0.06322000  0.06322000 -0.09585999  0.08420000  0.08420000 -0.08128000  0.04262000  0.04262000 -0.03776000  0.07056000  0.90460998 -0.81471997 -0.81471997 -0.52104002  0.33101002 -0.52025002  0.32049999  0.32049999
Ace Val Leu CArg  0.32053000 -0.52043998  0.32053000  0.51213997 -0.37417999  0.32991999  0.00856000  0.06358000  0.06358000 -0.09584000  0.08385000  0.08385000 -0.08244000  0.04353000  0.04353000 -0.03867000  0.07036000  0.90452999 -0.81463999 -0.81463999 -0.52082998  0.33155998 -0.52043998  0.32053000  0.32053000
Ace Val Arg CArg  0.32235000 -0.51762003  0.32235000  0.51594001 -0.38040000  0.33118999  0.01299000  0.06149000  0.06149000 -0.10190000  0.08896000  0.08896000 -0.07057000  0.03926000  0.03926000 -0.05399000  0.08466000  0.90355003 -0.81551999 -0.81551999 -0.51045001  0.32014999 -0.51762003  0.32235000  0.32235000
Ace Val Asp CArg  0.31773999 -0.52621001  0.31773999  0.50478000 -0.36403000  0.32936999  0.00648000  0.06441000  0.06441000 -0.10197000  0.08607000  0.08607000 -0.08505000  0.04442000  0.04442000 -0.01627000  0.06444000  0.90363997 -0.83311999 -0.83311999 -0.53882003  0.33453000 -0.52621001  0.31773999  0.31773999
Ace Val Gln CArg  0.32049999 -0.52035999  0.32049999  0.51169002 -0.37428000  0.33028999  0.00998000  0.06320000  0.06320000 -0.09684000  0.08506000  0.08506000 -0.07489000  0.04163000  0.04163000 -0.04523000  0.07792000  0.89982999 -0.81632000 -0.81632000 -0.51890999  0.32396999 -0.52035999  0.32049999  0.32049999
Ace Val Met CArg  0.32075000 -0.52023000  0.32075000  0.51279998 -0.37516001  0.33006000  0.01016000  0.06300000  0.06300000 -0.09768000  0.08609000  0.08609000 -0.07201000  0.04015000  0.04015000 -0.05114000  0.08166000  0.89741999 -0.81655997 -0.81655997 -0.51946998  0.31832999 -0.52023000  0.32075000  0.32075000
Ace Val Ile CArg  0.32052999 -0.52026999  0.32052999  0.51186001 -0.37404001  0.33013001  0.00957000  0.06296999  0.06296999 -0.09772000  0.08501000  0.08501000 -0.08088000  0.04263000  0.04263000 -0.03865000  0.07075999  0.90526002 -0.81502998 -0.81502998 -0.52091998  0.33182001 -0.52026999  0.32052999  0.32052999
Ace Val Hie CArg  0.32073000 -0.52105999  0.32073000  0.51170999 -0.37422001  0.32945001  0.00864000  0.06375000  0.06375000 -0.09397000  0.08281000  0.08281000 -0.08136000  0.04272000  0.04272000 -0.03676000  0.06973000  0.90254003 -0.81452000 -0.81452000 -0.52152002  0.33272001 -0.52105999  0.32073000  0.32073000
Ace Val Cyx CArg  0.32069001 -0.51990998  0.32069001  0.51244002 -0.37485001  0.33008999  0.00841000  0.06383000  0.06383000 -0.09485000  0.08374000  0.08374000 -0.08027000  0.04365000  0.04365000 -0.04028000  0.07579000  0.90262997 -0.81279999 -0.81279999 -0.51692999  0.32995999 -0.51990998  0.32069001  0.32069001
Ace Val Ash CArg  0.32074001 -0.51972998  0.32074001  0.51218998 -0.37472999  0.33013999  0.00959000  0.06301999  0.06301999 -0.09541000  0.08428000  0.08428000 -0.07737001  0.04149999  0.04149999 -0.04674000  0.07327000  0.90280002 -0.81234998 -0.81234998 -0.51694000  0.33162000 -0.51972998  0.32074001  0.32074001
Ace Val Pro CArg  0.32038999 -0.52096999  0.32038999  0.51164001 -0.37415999  0.33011001  0.01075000  0.06219000  0.06219000 -0.09933000  0.08604000  0.08604000 -0.07748000  0.03970000  0.03970000 -0.04006000  0.07357000  0.90526998 -0.81831002 -0.81831002 -0.52992999  0.32773000 -0.52096999  0.32038999  0.32038999
Ace Val Lyn CArg  0.32086000 -0.52072001  0.32086000  0.51287001 -0.37476999  0.32978001  0.01022000  0.06332000  0.06332000 -0.09776000  0.08517000  0.08517000 -0.07508000  0.04135000  0.04135000 -0.04513000  0.07812000  0.90017998 -0.81698000 -0.81698000 -0.51990998  0.32253998 -0.52072001  0.32086000  0.32086000
Ace Val Hid CArg  0.32078001 -0.51999003  0.32078001  0.51147997 -0.37489000  0.33041000  0.00942000  0.06295000  0.06295000 -0.09581000  0.08446000  0.08446000 -0.08043000  0.04244000  0.04244000 -0.04127000  0.06984000  0.90507001 -0.81286001 -0.81286001 -0.51762998  0.33313999 -0.51999003  0.32078001  0.32078001
Ace Val Glu CArg  0.31779998 -0.52546001  0.31779998  0.50607997 -0.36528000  0.32870999  0.00685000  0.06513000  0.06513000 -0.09829000  0.08387000  0.08387000 -0.07646000  0.04256000  0.04256000 -0.02419000  0.07418000  0.89543003 -0.83236998 -0.83236998 -0.53707999  0.32368001 -0.52546001  0.31779998  0.31779998
Ace Val Tyr CArg  0.32069001 -0.52051002  0.32069001  0.51227999 -0.37467000  0.32938001  0.00911000  0.06351000  0.06351000 -0.09412000  0.08332000  0.08332000 -0.08137000  0.04260000  0.04260000 -0.03888000  0.06997000  0.90359998 -0.81362998 -0.81362998 -0.52003002  0.33210000 -0.52051002  0.32069001  0.32069001
Ace Val Hip CArg  0.32284999 -0.51567000  0.32284999  0.51669002 -0.38166001  0.33283001  0.01356000  0.05933000  0.05933000 -0.09752000  0.08935000  0.08935000 -0.07260000  0.03688000  0.03688000 -0.06048000  0.07680000  0.90877003 -0.80159002 -0.80159002 -0.50506002  0.33473000 -0.51567000  0.32284999  0.32284999
Ace Val Asn CArg  0.32055000 -0.52034998  0.32055000  0.51226997 -0.37380001  0.33010000  0.00972000  0.06274000  0.06274000 -0.09702000  0.08435000  0.08435000 -0.07806000  0.04084000  0.04084000 -0.04521000  0.07181000  0.90495002 -0.81272000 -0.81272000 -0.51795000  0.33471000 -0.52034998  0.32055000  0.32055000
Ace Val Phe CArg  0.32054001 -0.52025002  0.32054001  0.51280999 -0.37476000  0.32945999  0.00846000  0.06405000  0.06405000 -0.09299000  0.08187000  0.08187000 -0.08289000  0.04414000  0.04414000 -0.03909000  0.06962000  0.90377003 -0.81278002 -0.81278002 -0.51911002  0.33149001 -0.52025002  0.32054001  0.32054001
Ace Val Cys CArg  0.32060998 -0.52038998  0.32060998  0.51253998 -0.37458000  0.33105001  0.01052000  0.06248000  0.06248000 -0.10002000  0.08753000  0.08753000 -0.07044000  0.03845000  0.03845000 -0.04953000  0.08343000  0.90016001 -0.81717998 -0.81717998 -0.52080000  0.31854000 -0.52038998  0.32060998  0.32060998
