Ace Val Ash CAsn  0.29211000 -0.70684999  0.29211000  0.67843998 -0.59772003 -0.15432000  0.06285000  0.06285000 -0.03435000  0.09023000  0.91658998 -0.81458998 -0.81458998 -0.51014000  0.32532999
Ace Val Asn CAsn  0.29211000 -0.70541000  0.29211000  0.68058997 -0.59921002 -0.15200999  0.06036000  0.06036000 -0.03325000  0.08952000  0.91619003 -0.81616998 -0.81616998 -0.51323998  0.32710001
Ace Val Thr CAsn  0.29060000 -0.70854998  0.29060000  0.68006003 -0.59306002 -0.15367000  0.06054000  0.06054000 -0.02940000  0.08603000  0.91842997 -0.81563002 -0.81563002 -0.51089001  0.32793999
Ace Val Lys CAsn  0.29622001 -0.70095003  0.29622001  0.67733002 -0.59360999 -0.15220000  0.05947000  0.05947000 -0.03973000  0.09108000  0.91962999 -0.81064999 -0.81064999 -0.50331002  0.32979000
Ace Val Met CAsn  0.29218998 -0.70779997  0.29218998  0.67868000 -0.59706998 -0.15411000  0.06133000  0.06133000 -0.03367000  0.09196000  0.91698003 -0.81413001 -0.81413001 -0.50901997  0.32789001
Ace Val Cys CAsn  0.29194000 -0.70845998  0.29194000  0.67975002 -0.59821999 -0.15404000  0.06440000  0.06440000 -0.03275000  0.09179000  0.91574001 -0.81586999 -0.81586999 -0.51125002  0.32534998
Ace Val Glh CAsn  0.29144999 -0.70892000  0.29144999  0.67872000 -0.59337002 -0.15385000  0.06322000  0.06322000 -0.03158000  0.08479000  0.91799003 -0.81370998 -0.81370998 -0.50678998  0.32887000
Ace Val Tyr CAsn  0.29121000 -0.71015000  0.29121000  0.67650998 -0.59384000 -0.15370999  0.06302000  0.06302000 -0.03273000  0.09110000  0.91672999 -0.81638998 -0.81638998 -0.51368999  0.32530001
Ace Val Ser CAsn  0.29183999 -0.70763999  0.29183999  0.67940003 -0.59818000 -0.15233000  0.06109000  0.06109000 -0.02880000  0.08861000  0.91525000 -0.81682002 -0.81682002 -0.51892000  0.32534000
Ace Val Trp CAsn  0.29109999 -0.70774001  0.29109999  0.67835998 -0.59548998 -0.15154000  0.06054000  0.06054000 -0.03204000  0.08979000  0.91592002 -0.81726998 -0.81726998 -0.51551003  0.32251999
Ace Val Hip CAsn  0.29756999 -0.70499003  0.29756999  0.67392999 -0.58174002 -0.14991000  0.05868000  0.05868000 -0.04053000  0.09861000  0.91456997 -0.81037998 -0.81037998 -0.50167000  0.31718001
Ace Val Hie CAsn  0.29122001 -0.70818001  0.29122001  0.67975998 -0.59697002 -0.15138000  0.06008000  0.06008000 -0.02978000  0.08805000  0.91679001 -0.81643999 -0.81643999 -0.51511002  0.32771000
Ace Val Phe CAsn  0.29170999 -0.70780999  0.29170999  0.67748999 -0.59640002 -0.15270001  0.06172000  0.06172000 -0.03235000  0.09127000  0.91544997 -0.81629998 -0.81629998 -0.51397997  0.32589000
Ace Val Ile CAsn  0.29115000 -0.70872998  0.29115000  0.67900002 -0.59557998 -0.14948000  0.06070000  0.06070000 -0.03485000  0.09252000  0.91338998 -0.81795001 -0.81795001 -0.51714998  0.32168001
Ace Val Val CAsn  0.29100001 -0.70949000  0.29100001  0.67771000 -0.59284001 -0.15063000  0.06018000  0.06018000 -0.03399000  0.09198000  0.91570997 -0.81689000 -0.81689000 -0.51717001  0.32523000
Ace Val Hid CAsn  0.29223999 -0.70591998  0.29223999  0.68010002 -0.59796000 -0.15233000  0.06004000  0.06004000 -0.03166000  0.08950000  0.91626000 -0.81480002 -0.81480002 -0.51318997  0.32668999
Ace Val Ala CAsn  0.29139000 -0.70897001  0.29139000  0.67860001 -0.59486002 -0.15409000  0.06123000  0.06123000 -0.03109000  0.08860000  0.91784000 -0.81541997 -0.81541997 -0.51106000  0.32705000
Ace Val Glu CAsn  0.28867000 -0.71060002  0.28867000  0.68444997 -0.61260998 -0.15892001  0.06859000  0.06859000 -0.01940000  0.08260000  0.91557997 -0.82821000 -0.82821000 -0.52052999  0.32446000
Ace Val Gln CAsn  0.29192999 -0.70770002  0.29192999  0.67913997 -0.59693998 -0.15580000  0.06318000  0.06318000 -0.03053000  0.08820000  0.91698998 -0.81568998 -0.81568998 -0.50901997  0.32857001
Ace Val Asp CAsn  0.28507999 -0.71573001  0.28507999  0.68369001 -0.60806000 -0.15270001  0.06487000  0.06487000 -0.01258000  0.07727000  0.91447002 -0.83029002 -0.83029002 -0.53233999  0.32479000
Ace Val Gly CAsn  0.29080999 -0.71122998  0.29080999  0.67799998 -0.59153002 -0.15350000  0.06210000  0.06210000 -0.02964000  0.08635000  0.91785997 -0.81551999 -0.81551999 -0.51438999  0.32771001
Ace Val Cyx CAsn  0.29080999 -0.70849001  0.29080999  0.67855001 -0.59285998 -0.15716000  0.06464000  0.06464000 -0.03245000  0.08215000  0.91846001 -0.81268001 -0.81268001 -0.50465000  0.32890001
Ace Val Arg CAsn  0.29304001 -0.70731997  0.29304001  0.67506999 -0.58204001 -0.15172000  0.05683000  0.05683000 -0.04181000  0.09207000  0.91940999 -0.80585003 -0.80585003 -0.49939001  0.32943001
Ace Val Pro CAsn  0.29368001 -0.70771003  0.29368001  0.67827999 -0.60088998 -0.14774001  0.05891000  0.05891000 -0.02990000  0.09268000  0.91001999 -0.82200998 -0.82200998 -0.52973998  0.31321001
Ace Val Leu CAsn  0.29142001 -0.70984000  0.29142001  0.67738003 -0.59376001 -0.14967001  0.06039000  0.06039000 -0.03500000  0.09406000  0.91237998 -0.81848002 -0.81848002 -0.51757002  0.31806001
Ace Val Lyn CAsn  0.29093999 -0.70947999  0.29093999  0.67864001 -0.59390998 -0.15387000  0.06164000  0.06164000 -0.03210000  0.08776000  0.91810000 -0.81471998 -0.81471998 -0.50875002  0.32955000
