Ace Val Ser CAsp  0.31193000 -0.48605001 -0.01802000  0.10070000  0.90881002 -0.85101998 -0.85101998 -0.17657000  0.02282000  0.02282000  0.92083001 -0.86891001 -0.86891001
Ace Val Lyn CAsp  0.31064999 -0.48648000 -0.01392000  0.09734000  0.91350001 -0.84978998 -0.84978998 -0.17897000  0.01982000  0.01982000  0.92194998 -0.86907000 -0.86907000
Ace Val Cyx CAsp  0.34119999 -0.44443000 -0.00630000  0.03596000  0.92672002 -0.85022998 -0.85022998 -0.17858000  0.03514000  0.03514000  0.91685998 -0.88354999 -0.88354999
Ace Val Lys CAsp  0.30952999 -0.47968000 -0.01398000  0.10260000  0.91153997 -0.85339999 -0.85339999 -0.18546000  0.02674000  0.02674000  0.91992998 -0.85904998 -0.85904998
Ace Val Phe CAsp  0.31445000 -0.48912999 -0.01237000  0.09724000  0.91556001 -0.85153001 -0.85153001 -0.17969000  0.02150000  0.02150000  0.92102999 -0.86838001 -0.86838001
Ace Val Tyr CAsp  0.31448999 -0.49031999 -0.01142000  0.09471000  0.91404999 -0.85233003 -0.85233003 -0.18007999  0.02291000  0.02291000  0.91933000 -0.86883998 -0.86883998
Ace Val Glh CAsp  0.33557001 -0.44442001 -0.00771000  0.04745000  0.92162001 -0.85118001 -0.85118001 -0.17963999  0.03141000  0.03141000  0.92111999 -0.87772000 -0.87772000
Ace Val Cys CAsp  0.31055999 -0.48484999 -0.01104000  0.09477000  0.91926002 -0.84776998 -0.84776998 -0.18496000  0.02201000  0.02201000  0.92053997 -0.86581999 -0.86581999
Ace Val Val CAsp  0.30779001 -0.48774001 -0.01188000  0.09685000  0.91113001 -0.85145998 -0.85145998 -0.17649999  0.02023000  0.02023000  0.92264002 -0.86905003 -0.86905003
Ace Val Glu CAsp  0.30774999 -0.49728999 -0.00509000  0.09091000  0.90950000 -0.86141002 -0.86141002 -0.17486000  0.02620000  0.02620000  0.92290002 -0.88192999 -0.88192999
Ace Val Asp CAsp  0.30706999 -0.50683999 -0.00364000  0.08895000  0.90772998 -0.86123001 -0.86123001 -0.16880999  0.02097000  0.02097000  0.92207003 -0.88483000 -0.88483000
Ace Val Arg CAsp  0.34017000 -0.43136000 -0.01615000  0.04360000  0.92645002 -0.84271002 -0.84271002 -0.17677000  0.03712000  0.03712000  0.92276001 -0.88897001 -0.88897001
Ace Val Met CAsp  0.31009001 -0.48594999 -0.01440000  0.09788000  0.91459000 -0.84816003 -0.84816003 -0.17931999  0.01806000  0.01806000  0.92359001 -0.86694997 -0.86694997
Ace Val Hid CAsp  0.31036001 -0.48164001 -0.01809000  0.09969000  0.90946001 -0.85026002 -0.85026002 -0.17697000  0.02095000  0.02095000  0.92509002 -0.86875999 -0.86875999
Ace Val Ash CAsp  0.31314999 -0.48014000 -0.01619000  0.09772000  0.91175002 -0.84987002 -0.84987002 -0.17938000  0.02365000  0.02365000  0.92176998 -0.86896002 -0.86896002
Ace Val Hie CAsp  0.31053001 -0.48374000 -0.01631000  0.09772000  0.90900999 -0.85057998 -0.85057998 -0.17392000  0.01922000  0.01922000  0.92571998 -0.87061000 -0.87061000
Ace Val Asn CAsp  0.31073001 -0.48455000 -0.01409000  0.09759000  0.91202003 -0.85249001 -0.85249001 -0.17927000  0.02417000  0.02417000  0.92032999 -0.86927998 -0.86927998
Ace Val Ile CAsp  0.30289999 -0.48726001 -0.01343000  0.09767000  0.90915001 -0.85150999 -0.85150999 -0.17580999  0.01944000  0.01944000  0.92444998 -0.86891001 -0.86891001
Ace Val Thr CAsp  0.31492001 -0.48747000 -0.01467000  0.09620000  0.91788000 -0.85003000 -0.85003000 -0.18387000  0.02128000  0.02128000  0.91908002 -0.86781001 -0.86781001
Ace Val Gly CAsp  0.31064001 -0.49715999 -0.01162000  0.09546000  0.91384000 -0.85378998 -0.85378998 -0.17816000  0.02170000  0.02170000  0.91943997 -0.86941999 -0.86941999
Ace Val Ala CAsp  0.31090000 -0.48697999 -0.01152000  0.09623000  0.91455001 -0.85044998 -0.85044998 -0.18004000  0.02043000  0.02043000  0.92218000 -0.86870003 -0.86870003
Ace Val Trp CAsp  0.31009000 -0.48982000 -0.00988000  0.09337000  0.91531002 -0.85170001 -0.85170001 -0.17998999  0.02121000  0.02121000  0.92079002 -0.86812002 -0.86812002
Ace Val Pro CAsp  0.29661000 -0.50049001 -0.00518000  0.09195000  0.91741001 -0.85442001 -0.85442001 -0.18236000  0.02017000  0.02017000  0.92180001 -0.86853999 -0.86853999
Ace Val Leu CAsp  0.30267000 -0.48381999 -0.01231000  0.09641000  0.91314000 -0.85113001 -0.85113001 -0.17937000  0.02015000  0.02015000  0.92294002 -0.86848002 -0.86848002
Ace Val Hip CAsp  0.31373999 -0.46988001 -0.02594000  0.10921000  0.90956998 -0.84685999 -0.84685999 -0.18527999  0.02543000  0.02543000  0.92288000 -0.85676002 -0.85676002
Ace Val Gln CAsp  0.31132001 -0.48313999 -0.01717000  0.09680000  0.91276997 -0.84996998 -0.84996998 -0.17900001  0.02109000  0.02109000  0.92328000 -0.86978000 -0.86978000
