Ace Val Phe CCys  0.18009999 -0.38749999  0.02494000  0.06186000  0.06186000 -0.04487000  0.06818000  0.92275000 -0.81770003 -0.81770003 -0.50388002  0.33655000
Ace Val Cys CCys  0.20114000 -0.41698000  0.02940000  0.06735000  0.06735000 -0.04723000  0.07094000  0.92100001 -0.81738001 -0.81738001 -0.50847000  0.33610001
Ace Val Glu CCys  0.19149999 -0.41132000  0.03079000  0.06279000  0.06279000 -0.03087000  0.06267000  0.91716999 -0.83204001 -0.83204001 -0.51354003  0.33680001
Ace Val Tyr CCys  0.18328001 -0.40092999  0.03475000  0.06073000  0.06073000 -0.04405000  0.06833000  0.92232001 -0.82010001 -0.82010001 -0.49742001  0.33452001
Ace Val Val CCys  0.17431000 -0.38984001  0.03229000  0.06066000  0.06066000 -0.04584000  0.06771000  0.92347997 -0.81857997 -0.81857997 -0.50239003  0.33697999
Ace Val Asn CCys  0.16712999 -0.37774000  0.02685000  0.06007000  0.06007000 -0.04233000  0.06678000  0.92579001 -0.81891000 -0.81891000 -0.49779001  0.33757999
Ace Val Ala CCys  0.19157000 -0.41194999  0.03151000  0.06630000  0.06630000 -0.04734000  0.06712000  0.92436999 -0.81790000 -0.81790000 -0.50593001  0.34068000
Ace Val Met CCys  0.18018000 -0.39013001  0.02518000  0.06197000  0.06197000 -0.04464000  0.06757000  0.92532003 -0.81611001 -0.81611001 -0.50233000  0.34182999
Ace Val Asp CCys  0.16953001 -0.40175000  0.03389000  0.05739000  0.05739000 -0.02660000  0.06347000  0.91803003 -0.83222997 -0.83222997 -0.52142000  0.33611000
Ace Val Lys CCys  0.19453999 -0.40174001  0.03105000  0.06599000  0.06599000 -0.05241000  0.06748000  0.92514998 -0.81492001 -0.81492001 -0.48774999  0.33684000
Ace Val Hie CCys  0.22168000 -0.44479999  0.04225000  0.06481000  0.06481000 -0.04618000  0.06634000  0.91503000 -0.82086998 -0.82086998 -0.49836001  0.33776998
Ace Val Hid CCys  0.20225000 -0.42006001  0.03614000  0.06382000  0.06382000 -0.04551000  0.06781000  0.91957003 -0.81980002 -0.81980002 -0.49855000  0.33594000
Ace Val Ser CCys  0.20866001 -0.43108001  0.03943000  0.06723000  0.06723000 -0.04792000  0.06595000  0.91912001 -0.82072997 -0.82072997 -0.50586999  0.33598000
Ace Val Trp CCys  0.19795000 -0.41272000  0.03212000  0.06335000  0.06335000 -0.04364000  0.06716000  0.91981000 -0.82037997 -0.82037997 -0.50357997  0.33500001
Ace Val Ash CCys  0.21545000 -0.43307000  0.03685000  0.06601000  0.06601000 -0.04775000  0.06831000  0.91877001 -0.81954998 -0.81954998 -0.49746999  0.33671001
Ace Val Thr CCys  0.20837000 -0.43544000  0.03865000  0.06732000  0.06732000 -0.05216000  0.06953000  0.91999000 -0.81931001 -0.81931001 -0.50939000  0.33901000
Ace Val Gln CCys  0.23269000 -0.45598999  0.03958000  0.06973000  0.06973000 -0.05004000  0.06861999  0.91472000 -0.81993997 -0.81993997 -0.50032997  0.34020999
Ace Val Arg CCys  0.22253001 -0.45421001  0.04296000  0.06847000  0.06847000 -0.06050000  0.07364000  0.92061001 -0.80940002 -0.80940002 -0.49531001  0.34345999
Ace Val Leu CCys  0.22451000 -0.44293001  0.03880000  0.06509000  0.06509000 -0.04737000  0.06969000  0.91430998 -0.82058001 -0.82058001 -0.50143999  0.33539000
Ace Val Gly CCys  0.23394001 -0.45936000  0.04464000  0.06743000  0.06743000 -0.04721000  0.06746000  0.91342002 -0.82104999 -0.82104999 -0.49947000  0.33669001
Ace Val Hip CCys  0.19696000 -0.40310001  0.03086000  0.06818000  0.06818000 -0.05921000  0.07624001  0.92749000 -0.81294000 -0.81294000 -0.48195001  0.32911000
Ace Val Pro CCys  0.20298000 -0.41003999  0.02447000  0.06339000  0.06339000 -0.04165000  0.07537000  0.91422999 -0.82064998 -0.82064998 -0.52030999  0.32442000
Ace Val Cyx CCys  0.25220999 -0.48403001  0.04756000  0.07237000  0.07237000 -0.05397000  0.06651000  0.91320002 -0.81911999 -0.81911999 -0.50704002  0.34028000
Ace Val Ile CCys  0.18232000 -0.39555001  0.03086000  0.06104000  0.06104000 -0.04593000  0.07110000  0.92019999 -0.81896001 -0.81896001 -0.50488001  0.33443001
Ace Val Lyn CCys  0.20371001 -0.42690000  0.03809000  0.06387000  0.06387000 -0.04714000  0.06826000  0.91962999 -0.81866002 -0.81866002 -0.50023001  0.34024000
Ace Val Glh CCys  0.20725000 -0.42645001  0.03489000  0.06793000  0.06793000 -0.05171000  0.06780000  0.92058003 -0.81773001 -0.81773001 -0.49972999  0.34186000
