Ace Val Lys CCyx -0.13709000 -0.00058000  0.07421000  0.07421000 -0.04570000  0.07227000  0.92570001 -0.81514001 -0.81514001 -0.50362998  0.33373999
Ace Val Phe CCyx -0.11137000 -0.00332000  0.07125000  0.07125000 -0.03933000  0.07202000  0.92224002 -0.81568998 -0.81568998 -0.51156002  0.33783999
Ace Val Hip CCyx -0.13282000 -0.00171000  0.07415000  0.07415000 -0.05507000  0.07752000  0.93074000 -0.80427998 -0.80427998 -0.49342999  0.33416000
Ace Val Ile CCyx -0.11199000 -0.00233000  0.07200000  0.07200000 -0.04108000  0.07212000  0.92287999 -0.81624001 -0.81624001 -0.51343000  0.33638001
Ace Val Pro CCyx -0.11127000 -0.00344000  0.07408000  0.07408000 -0.03731000  0.07099000  0.92264003 -0.81836998 -0.81836998 -0.52012002  0.33263001
Ace Val Cyx CCyx -0.11116000 -0.00186000  0.07473000  0.07473000 -0.05566000  0.07601000  0.92537999 -0.80659002 -0.80659002 -0.51087999  0.34323999
Ace Val Thr CCyx -0.11786000  0.00042000  0.07382000  0.07382000 -0.04753000  0.07344000  0.92404002 -0.81497997 -0.81497997 -0.51941001  0.33921999
Ace Val Met CCyx -0.11722000 -0.00404000  0.07236000  0.07236000 -0.04299000  0.07316000  0.92458999 -0.81259000 -0.81259000 -0.51295000  0.34294000
Ace Val Val CCyx -0.10919000 -0.00162000  0.07140000  0.07140000 -0.04051000  0.07029000  0.92249000 -0.81588000 -0.81588000 -0.51109999  0.33761999
Ace Val Ala CCyx -0.11850000 -0.00070000  0.07236000  0.07236000 -0.04464000  0.07315000  0.92370999 -0.81326997 -0.81326997 -0.51229000  0.34237999
Ace Val Cys CCyx -0.12040000 -0.00112000  0.07345000  0.07345000 -0.04270000  0.07305000  0.92506999 -0.81273001 -0.81273001 -0.51314998  0.34042001
Ace Val Arg CCyx -0.11391000 -0.00075000  0.07158000  0.07158000 -0.06654000  0.07882000  0.93031001 -0.79610002 -0.79610002 -0.49676001  0.35084000
Ace Val Tyr CCyx -0.10957000 -0.00337000  0.07084000  0.07084000 -0.04058000  0.07192000  0.92278999 -0.81421000 -0.81421000 -0.51073998  0.33766001
Ace Val Hid CCyx -0.11190000 -0.00585000  0.07185000  0.07185000 -0.03969000  0.07158000  0.92306000 -0.81484002 -0.81484002 -0.50976998  0.33888999
Ace Val Glu CCyx -0.07151000 -0.01237000  0.07135000  0.07135000 -0.02847000  0.06726000  0.91750997 -0.82534999 -0.82534999 -0.51901001  0.34494001
Ace Val Asn CCyx -0.10910000 -0.00303000  0.07173000  0.07173000 -0.04011000  0.07013000  0.92409998 -0.81549001 -0.81549001 -0.50895000  0.33857000
Ace Val Leu CCyx -0.11096000 -0.00113000  0.07128000  0.07128000 -0.04058000  0.07049000  0.92275000 -0.81616002 -0.81616002 -0.51106000  0.33752999
Ace Val Lyn CCyx -0.12156000  0.00119000  0.07338000  0.07338000 -0.04621000  0.07320000  0.92311001 -0.81417000 -0.81417000 -0.51209003  0.34132999
Ace Val Ser CCyx -0.11377000 -0.00144000  0.07233000  0.07233000 -0.03878000  0.07165999  0.92307001 -0.81661999 -0.81661999 -0.51837999  0.33649000
Ace Val Gly CCyx -0.11579000 -0.00215000  0.07188000  0.07188000 -0.03963000  0.07219000  0.92216998 -0.81616998 -0.81616998 -0.51440001  0.33687001
Ace Val Asp CCyx -0.07949000 -0.00694000  0.06993000  0.06993000 -0.02883000  0.06921000  0.91530001 -0.82577002 -0.82577002 -0.52667999  0.33919999
Ace Val Glh CCyx -0.11979000 -0.00328000  0.07278000  0.07278000 -0.04623000  0.07455000  0.92570001 -0.81181002 -0.81181002 -0.51062000  0.34310001
Ace Val Hie CCyx -0.10468000 -0.00284000  0.07013000  0.07013000 -0.04394000  0.07248000  0.92332000 -0.81261998 -0.81261998 -0.51394999  0.33910999
Ace Val Gln CCyx -0.11680000 -0.00375000  0.07368000  0.07368000 -0.04331000  0.07227000  0.92417002 -0.81465000 -0.81465000 -0.51046002  0.34195000
Ace Val Ash CCyx -0.10247000 -0.00594000  0.07096000  0.07096000 -0.04474000  0.07265000  0.92436999 -0.81019998 -0.81019998 -0.50910002  0.34191000
Ace Val Trp CCyx -0.10652000 -0.00425000  0.07095000  0.07095000 -0.04111000  0.07176000  0.92259997 -0.81428999 -0.81428999 -0.51222998  0.33934000
