Ace Val Glu CGlh  0.32583999 -0.52006000 -0.02022000  0.06233000  0.90745002 -0.83458001 -0.83458001 -0.08423000  0.05628000  0.05628000 -0.11878000  0.09375000  0.09375000  0.64507001 -0.57990003 -0.62984002  0.41918999
Ace Val Phe CGlh  0.32214001 -0.50801998 -0.03401000  0.07245000  0.90736997 -0.82148999 -0.82148999 -0.07966000  0.04906000  0.04906000 -0.11900000  0.09771000  0.09771000  0.64012998 -0.57672000 -0.62190002  0.42624000
Ace Val Hie CGlh  0.32745999 -0.50915003 -0.03198000  0.07004000  0.90679997 -0.82152998 -0.82152998 -0.08070000  0.05131000  0.05131000 -0.11745000  0.09457000  0.09457000  0.64024001 -0.57555997 -0.62371999  0.42583999
Ace Val Hid CGlh  0.32539999 -0.50682002 -0.03325000  0.07039000  0.90737998 -0.81993002 -0.81993002 -0.08115000  0.05172000  0.05172000 -0.11771000  0.09514000  0.09514000  0.64006001 -0.57503998 -0.62273997  0.42688000
Ace Val Leu CGlh  0.31698000 -0.51058000 -0.03331000  0.07238000  0.90877998 -0.82290000 -0.82290000 -0.07864000  0.04732000  0.04732000 -0.12032000  0.09970000  0.09970000  0.64007002 -0.57732999 -0.62212998  0.42583001
Ace Val Lyn CGlh  0.32495999 -0.50479001 -0.03164000  0.07053000  0.91016001 -0.82046002 -0.82046002 -0.08312000  0.05017000  0.05017000 -0.11755000  0.09647000  0.09647000  0.64082003 -0.57748997 -0.62260997  0.42620000
Ace Val Cys CGlh  0.32361999 -0.50478000 -0.03253000  0.07143000  0.91280001 -0.82059997 -0.82059997 -0.08525000  0.05285000  0.05285000 -0.11750000  0.09573000  0.09573000  0.64002001 -0.57449001 -0.62307000  0.42609000
Ace Val Val CGlh  0.32198000 -0.51156002 -0.03202000  0.07293000  0.90683001 -0.82246000 -0.82246000 -0.07960000  0.04982000  0.04982000 -0.11838000  0.09611000  0.09611000  0.63981998 -0.57545000 -0.62331998  0.42607000
Ace Val Tyr CGlh  0.32308000 -0.50727999 -0.03353000  0.07268000  0.90812999 -0.82214999 -0.82214999 -0.08146000  0.05140000  0.05140000 -0.11820000  0.09519000  0.09519000  0.63976997 -0.57591999 -0.62190002  0.42598000
Ace Val Ash CGlh  0.32584000 -0.50479001 -0.03527000  0.07106000  0.90860999 -0.82043999 -0.82043999 -0.08141000  0.05161000  0.05161000 -0.11843000  0.09650000  0.09650000  0.63959002 -0.57437998 -0.62268001  0.42614999
Ace Val Met CGlh  0.32589000 -0.50230998 -0.03413000  0.07035000  0.91224998 -0.81851000 -0.81851000 -0.08424000  0.05126000  0.05126000 -0.11616000  0.09456000  0.09456000  0.63922000 -0.57692999 -0.62035000  0.42721999
Ace Val Glh CGlh  0.32743999 -0.50445998 -0.03448000  0.06970000  0.91206002 -0.82034999 -0.82034999 -0.08348000  0.05047000  0.05047000 -0.11790000  0.09730000  0.09730000  0.64016998 -0.57598001 -0.62270999  0.42618000
Ace Val Hip CGlh  0.31821001 -0.49595001 -0.04741000  0.07566000  0.91461003 -0.81483000 -0.81483000 -0.07607000  0.04904000  0.04904000 -0.12195000  0.10155000  0.10155000  0.63884998 -0.57602000 -0.61306000  0.43309999
Ace Val Gln CGlh  0.32727000 -0.50436997 -0.03417000  0.07011000  0.91184002 -0.82137001 -0.82137001 -0.08405000  0.05176000  0.05176000 -0.11757000  0.09621000  0.09621000  0.63971001 -0.57372999 -0.62409002  0.42603001
Ace Val Cyx CGlh  0.32271001 -0.51077998 -0.03294000  0.07054000  0.91324001 -0.82182998 -0.82182998 -0.08503000  0.04885000  0.04885000 -0.11777000  0.09855000  0.09855000  0.64071000 -0.57902002 -0.62138999  0.42647001
Ace Val Ala CGlh  0.32596001 -0.50568998 -0.03244000  0.06999000  0.91158002 -0.82051999 -0.82051999 -0.08409000  0.05075000  0.05075000 -0.11662000  0.09546000  0.09546000  0.64025003 -0.57678998 -0.62252003  0.42598998
Ace Val Arg CGlh  0.32308999 -0.49493000 -0.04450000  0.07503000  0.91785002 -0.81317002 -0.81317002 -0.08083000  0.04414000  0.04414000 -0.12118000  0.10207000  0.10207000  0.64225000 -0.58705002 -0.61220997  0.42997000
Ace Val Asn CGlh  0.32383999 -0.50660998 -0.03171000  0.06905000  0.90741998 -0.82181001 -0.82181001 -0.08000000  0.05128000  0.05128000 -0.11907000  0.09668000  0.09668000  0.64010000 -0.57629001 -0.62204999  0.42660001
Ace Val Trp CGlh  0.31863999 -0.51099003 -0.03261000  0.07058000  0.90750003 -0.82224000 -0.82224000 -0.07906001  0.04877000  0.04877000 -0.11925000  0.09801000  0.09801000  0.64029002 -0.57766998 -0.62129003  0.42618000
Ace Val Pro CGlh  0.31470999 -0.52319998 -0.03013000  0.07346000  0.90989000 -0.82604998 -0.82604998 -0.08207000  0.04863000  0.04863000 -0.12017000  0.09785000  0.09785000  0.64080000 -0.57845002 -0.62118000  0.42484000
Ace Val Asp CGlh  0.32321000 -0.52640999 -0.01650000  0.06544000  0.90684002 -0.83631998 -0.83631998 -0.08549000  0.05116000  0.05116000 -0.11913000  0.09548000  0.09548000  0.64209997 -0.57782000 -0.63274998  0.41754001
Ace Val Thr CGlh  0.32420999 -0.51388001 -0.03236000  0.07175000  0.91250002 -0.82256001 -0.82256001 -0.08392000  0.04873000  0.04873000 -0.11853000  0.09742000  0.09742000  0.64104003 -0.57901001 -0.62156999  0.42558000
Ace Val Ser CGlh  0.32516000 -0.51612002 -0.03331000  0.07050000  0.90987998 -0.82204002 -0.82204002 -0.07892000  0.04842000  0.04842000 -0.12098000  0.09827000  0.09827000  0.64085001 -0.57780999 -0.62076998  0.42546001
Ace Val Lys CGlh  0.32769999 -0.49724001 -0.04151000  0.07213000  0.90833998 -0.81575000 -0.81575000 -0.07863000  0.05176000  0.05176000 -0.11875000  0.09543000  0.09543000  0.63893998 -0.57191002 -0.61729002  0.43235001
Ace Val Gly CGlh  0.32490000 -0.51265001 -0.03228000  0.07081000  0.90891999 -0.82177001 -0.82177001 -0.08195000  0.05091000  0.05091000 -0.11792000  0.09554000  0.09554000  0.64041001 -0.57546002 -0.62390000  0.42605001
Ace Val Ile CGlh  0.32060999 -0.51156998 -0.03370000  0.07311000  0.90741002 -0.82211000 -0.82211000 -0.07951000  0.04922000  0.04922000 -0.11893000  0.09726000  0.09726000  0.63995999 -0.57700998 -0.62225998  0.42638001
