Ace Val Ala CGlu  0.31476000 -0.48747000 -0.03203000  0.06688000  0.91732001 -0.84504998 -0.84504998 -0.05403000  0.03412000  0.03412000 -0.17483000  0.03546000  0.03546000  0.90138000 -0.87616003 -0.87616003
Ace Val Trp CGlu  0.31830999 -0.49028999 -0.03187000  0.06529000  0.92036998 -0.84482998 -0.84482998 -0.05661000  0.03352000  0.03352000 -0.17445999  0.03457000  0.03457000  0.90176999 -0.87638998 -0.87638998
Ace Val Hip CGlu  0.32051000 -0.47639000 -0.04586000  0.07350000  0.92360997 -0.83336002 -0.83336002 -0.05583000  0.03174000  0.03174000 -0.17981000  0.03838000  0.03838000  0.90300000 -0.86874998 -0.86874998
Ace Val Cyx CGlu  0.31439000 -0.49603000 -0.02695000  0.09225000  0.90880001 -0.84639001 -0.84639001 -0.05192000  0.02588000  0.02588000 -0.17973000  0.02807000  0.02807000  0.90717000 -0.87002999 -0.87002999
Ace Val Lys CGlu  0.31922001 -0.48411000 -0.03853000  0.07081000  0.92137998 -0.83380997 -0.83380997 -0.05668000  0.02725000  0.02725000 -0.17523000  0.03994000  0.03994000  0.90226001 -0.87682003 -0.87682003
Ace Val Ser CGlu  0.31955999 -0.49434000 -0.03282000  0.06549000  0.91874999 -0.84382999 -0.84382999 -0.05846000  0.03594000  0.03594000 -0.17568000  0.03372000  0.03372000  0.90240997 -0.87566000 -0.87566000
Ace Val Gly CGlu  0.31803000 -0.49834001 -0.02921000  0.06400000  0.91930998 -0.84666997 -0.84666997 -0.05684000  0.03402000  0.03402000 -0.17373000  0.03446000  0.03446000  0.90155000 -0.87742001 -0.87742001
Ace Val Glu CGlu  0.31542001 -0.50041002 -0.02096000  0.06715000  0.91342998 -0.85302001 -0.85302001 -0.05586000  0.03129000  0.03129000 -0.17120000  0.03073000  0.03073000  0.90293002 -0.88362002 -0.88362002
Ace Val Met CGlu  0.32051000 -0.48794001 -0.03325000  0.06600000  0.91641003 -0.84377003 -0.84377003 -0.05423000  0.03604000  0.03604000 -0.17597000  0.03465000  0.03465000  0.90231001 -0.87535000 -0.87535000
Ace Val Leu CGlu  0.31885999 -0.49113000 -0.02999000  0.06439000  0.91914999 -0.84533000 -0.84533000 -0.05689000  0.03467000  0.03467000 -0.17432000  0.03438000  0.03438000  0.90175003 -0.87676001 -0.87676001
Ace Val Arg CGlu  0.31944001 -0.49015999 -0.03547000  0.06748000  0.91535002 -0.84244001 -0.84244001 -0.05200000  0.03697000  0.03697000 -0.18163000  0.03355000  0.03355000  0.90718001 -0.86392999 -0.86392999
Ace Val Phe CGlu  0.31948999 -0.48952001 -0.03194000  0.06546000  0.92023999 -0.84430998 -0.84430998 -0.05700000  0.03383000  0.03383000 -0.17463000  0.03418000  0.03418000  0.90183997 -0.87612998 -0.87612998
Ace Val Hie CGlu  0.32016999 -0.49156001 -0.02998000  0.06372000  0.91966999 -0.84546000 -0.84546000 -0.05745000  0.03428000  0.03428000 -0.17415000  0.03434000  0.03434000  0.90157998 -0.87708998 -0.87708998
Ace Val Hid CGlu  0.31940001 -0.48626000 -0.03307000  0.06592000  0.92022002 -0.84321999 -0.84321999 -0.05588000  0.03351000  0.03351000 -0.17464000  0.03485000  0.03485000  0.90175998 -0.87611002 -0.87611002
Ace Val Gln CGlu  0.31974000 -0.48982000 -0.03416000  0.06714000  0.91565001 -0.84587002 -0.84587002 -0.05480000  0.03622000  0.03622000 -0.17533000  0.03471000  0.03471000  0.90218002 -0.87717998 -0.87717998
Ace Val Asp CGlu  0.31885001 -0.51073003 -0.01553000  0.05796000  0.91586000 -0.85835999 -0.85835999 -0.05831000  0.03625000  0.03625000 -0.16985001  0.03037000  0.03037000  0.90142000 -0.88555998 -0.88555998
Ace Val Val CGlu  0.31757000 -0.49169001 -0.02878000  0.06369000  0.92000002 -0.84509999 -0.84509999 -0.05765000  0.03459000  0.03459000 -0.17365000  0.03459000  0.03459000  0.90140003 -0.87658000 -0.87658000
Ace Val Ile CGlu  0.31795999 -0.49261001 -0.03069000  0.06476000  0.91969001 -0.84540999 -0.84540999 -0.05822000  0.03467000  0.03467000 -0.17347001  0.03450000  0.03450000  0.90136999 -0.87680000 -0.87680000
Ace Val Lyn CGlu  0.31474000 -0.48763999 -0.03249000  0.06732000  0.91702002 -0.84535003 -0.84535003 -0.05523000  0.03502000  0.03502000 -0.17510000  0.03464000  0.03464000  0.90211999 -0.87605000 -0.87605000
Ace Val Glh CGlu  0.32120001 -0.48967001 -0.03516000  0.06631000  0.91562003 -0.84487999 -0.84487999 -0.05466000  0.03709000  0.03709000 -0.17628001  0.03381000  0.03381000  0.90268999 -0.87560999 -0.87560999
Ace Val Tyr CGlu  0.31867000 -0.48897001 -0.03138000  0.06549000  0.92005002 -0.84459001 -0.84459001 -0.05702000  0.03362000  0.03362000 -0.17432000  0.03439000  0.03439000  0.90154999 -0.87638003 -0.87638003
Ace Val Asn CGlu  0.32043001 -0.48888999 -0.03478000  0.06715000  0.92036998 -0.84293002 -0.84293002 -0.05581000  0.03258000  0.03258000 -0.17487000  0.03546000  0.03546000  0.90177000 -0.87708002 -0.87708002
Ace Val Thr CGlu  0.31468001 -0.48883000 -0.03714000  0.06771000  0.91413999 -0.84551000 -0.84551000 -0.05317000  0.03577000  0.03577000 -0.17614999  0.03555000  0.03555000  0.90209001 -0.87610000 -0.87610000
Ace Val Ash CGlu  0.32282999 -0.48692000 -0.03407000  0.06444000  0.92053002 -0.84201002 -0.84201002 -0.05562000  0.03401000  0.03401000 -0.17491999  0.03478000  0.03478000  0.90177000 -0.87603003 -0.87603003
Ace Val Pro CGlu  0.30899999 -0.50410003 -0.02959000  0.06769000  0.91829997 -0.84719998 -0.84719998 -0.05662000  0.03301000  0.03301000 -0.17509000  0.03444000  0.03444000  0.90165001 -0.87773001 -0.87773001
Ace Val Cys CGlu  0.31231001 -0.48313001 -0.03553000  0.06809000  0.91904998 -0.84170997 -0.84170997 -0.05432000  0.03391000  0.03391000 -0.17565000  0.03680000  0.03680000  0.90202999 -0.87570000 -0.87570000
