Ace Val Gly CHid  0.04025000  0.34700000 -0.31502000  0.29631999 -0.17259000 -0.02105000  0.05067000  0.05067000 -0.03684000  0.07649000  0.91517001 -0.81819999 -0.81819999 -0.51460999  0.32527000  0.30006000  0.05514000 -0.68651998
Ace Val Cyx CHid  0.04636000  0.34292999 -0.31257001  0.29765999 -0.16768999 -0.01784000  0.06587000  0.06587000 -0.05239000  0.07855000  0.91175997 -0.81923997 -0.81923997 -0.51905000  0.32407999  0.27028999  0.04019000 -0.68194997
Ace Val Hid CHid  0.04007000  0.34742999 -0.31366000  0.29679000 -0.17472000 -0.01980000  0.05103000  0.05103000 -0.04084000  0.07821000  0.91382003 -0.81744999 -0.81744999 -0.51120001  0.32563999  0.30076000  0.05529000 -0.68634999
Ace Val Gln CHid  0.04025000  0.34680000 -0.31047002  0.30283999 -0.17791000 -0.01707000  0.05022000  0.05022000 -0.03915000  0.07646000  0.91483003 -0.81857997 -0.81857997 -0.50805998  0.33232000  0.29883999  0.05411000 -0.68847001
Ace Val Arg CHid  0.04552000  0.35865000 -0.31456000  0.30114001 -0.19521000 -0.00591000  0.04229000  0.04229000 -0.04850000  0.07803000  0.91725999 -0.81041998 -0.81041998 -0.50136000  0.33500999  0.30952999  0.05540000 -0.68221998
Ace Val Ser CHid  0.04140000  0.34669000 -0.31650001  0.29578999 -0.17552000 -0.01634000  0.05029000  0.05029000 -0.03604000  0.07753000  0.91266000 -0.81958002 -0.81958002 -0.52314001  0.32449001  0.30077001  0.05710000 -0.68649000
Ace Val Hip CHid  0.04828000  0.36149001 -0.31898001  0.29076999 -0.19642000 -0.01020000  0.04828000  0.04828000 -0.04995000  0.08374000  0.91790998 -0.81132001 -0.81132001 -0.49996001  0.32350999  0.31744999  0.05949000 -0.67778999
Ace Val Lyn CHid  0.03988000  0.34823999 -0.31481001  0.29651001 -0.17199000 -0.01956000  0.04840000  0.04840000 -0.03920000  0.07712000  0.91663003 -0.81761002 -0.81761002 -0.50897002  0.32885000  0.30134002  0.05363000 -0.68650001
Ace Val Trp CHid  0.03936000  0.34674999 -0.31865999  0.29031000 -0.16884001 -0.01943000  0.04868000  0.04868000 -0.04046000  0.07566000  0.91854000 -0.81757998 -0.81757998 -0.51243001  0.32400000  0.30465001  0.05639000 -0.68489999
Ace Val Phe CHid  0.03973000  0.34670999 -0.31775999  0.29052001 -0.17209999 -0.02006000  0.04969000  0.04969000 -0.03932000  0.07724999  0.91586000 -0.81756997 -0.81756997 -0.51068998  0.32503000  0.30557000  0.05802000 -0.68474001
Ace Val Cys CHid  0.03998000  0.34558999 -0.31327001  0.29714000 -0.17756000 -0.02087000  0.05230000  0.05230000 -0.03664000  0.07760000  0.91497999 -0.81822998 -0.81822998 -0.51012999  0.32723999  0.30281999  0.05830000 -0.68655998
Ace Val Tyr CHid  0.03937000  0.34556002 -0.31753999  0.29067999 -0.17162000 -0.02117000  0.05153000  0.05153000 -0.03773000  0.07806000  0.91393000 -0.81975001 -0.81975001 -0.51208001  0.32198000  0.30462000  0.05807000 -0.68493998
Ace Val Ala CHid  0.04038000  0.34707999 -0.31529000  0.29664999 -0.17579000 -0.02004000  0.05054000  0.05054000 -0.03795000  0.07673000  0.91582000 -0.81774998 -0.81774998 -0.51045001  0.32859999  0.30153999  0.05658000 -0.68655002
Ace Val Val CHid  0.03932000  0.34597999 -0.31803000  0.29058000 -0.17094000 -0.02059000  0.04997000  0.04997000 -0.03705000  0.07616000  0.91560000 -0.81797999 -0.81797999 -0.51467001  0.32549000  0.30485001  0.05763000 -0.68447000
Ace Val Pro CHid  0.03981000  0.34718001 -0.30706000  0.30734000 -0.17453000 -0.01749000  0.05211000  0.05211000 -0.03353000  0.07864000  0.90740001 -0.82427001 -0.82427001 -0.53057998  0.32007000  0.29045999  0.04998000 -0.69071001
Ace Val Glu CHid  0.05043000  0.37525001 -0.30594999  0.30562001 -0.18080001 -0.01473000  0.05747000  0.05747000 -0.03265001  0.07919000  0.90648001 -0.83565998 -0.83565998 -0.52355999  0.32120001  0.26941999  0.03123000 -0.69914002
Ace Val Met CHid  0.04044000  0.34691000 -0.31927001  0.28998000 -0.17498000 -0.01873000  0.04947000  0.04947000 -0.03974000  0.07516000  0.91707999 -0.81559002 -0.81559002 -0.50568998  0.32942000  0.30827001  0.06039000 -0.68435001
Ace Val Lys CHid  0.04658000  0.35867000 -0.31312001  0.29719999 -0.18718000 -0.01564000  0.05110000  0.05110000 -0.04768000  0.07646000  0.91671002 -0.81225002 -0.81225002 -0.49978000  0.32887000  0.30403000  0.05316000 -0.68142998
Ace Val Thr CHid  0.04011000  0.34753001 -0.31194002  0.30265000 -0.17479999 -0.01990000  0.05023000  0.05023000 -0.03493000  0.07730000  0.91289997 -0.82072997 -0.82072997 -0.52026999  0.32646000  0.29615000  0.05291000 -0.68871999
Ace Val Asp CHid  0.03037000  0.32708999 -0.31953999  0.28924999 -0.14939000 -0.02867000  0.05485000  0.05485000 -0.01698000  0.06571000  0.91148001 -0.83196998 -0.83196998 -0.53139001  0.32774001  0.29412001  0.06159000 -0.69182003
Ace Val Ash CHid  0.04035000  0.34649000 -0.30914000  0.30326000 -0.17608000 -0.02194000  0.05387000  0.05387000 -0.04020000  0.07808000  0.91303003 -0.81787002 -0.81787002 -0.50994998  0.32709000  0.29473001  0.05229000 -0.68794000
Ace Val Hie CHid  0.03984000  0.34610999 -0.31011000  0.30273000 -0.17270000 -0.02173000  0.05253000  0.05253000 -0.03802000  0.07685000  0.91294998 -0.81931001 -0.81931001 -0.51380002  0.32780999  0.29304001  0.05139000 -0.68908000
Ace Val Ile CHid  0.03936000  0.34812999 -0.31412000  0.29701000 -0.17240000 -0.01945000  0.04957000  0.04957000 -0.03780000  0.07758000  0.91451001 -0.81880999 -0.81880999 -0.51599997  0.32567000  0.30026999  0.05352000 -0.68638998
Ace Val Asn CHid  0.03937000  0.34615001 -0.31753001  0.29098001 -0.17177001 -0.02115000  0.05077000  0.05077000 -0.03963000  0.07494000  0.91705000 -0.81702000 -0.81702000 -0.50985998  0.32800999  0.30456001  0.05858000 -0.68430001
Ace Val Glh CHid  0.04088000  0.34829000 -0.31106001  0.30309999 -0.17837000 -0.01643000  0.05047000  0.05047000 -0.03975000  0.07594000  0.91424000 -0.81705999 -0.81705999 -0.50817001  0.33193001  0.29782999  0.05350000 -0.68769002
Ace Val Leu CHid  0.03984000  0.34672001 -0.31516999  0.29664999 -0.17397000 -0.01811000  0.05031000  0.05031000 -0.03996000  0.07993000  0.91206998 -0.81959999 -0.81959999 -0.51569003  0.32391000  0.30013999  0.05573000 -0.68610001
