Ace Val Lys CHie  0.04561000  0.36596000 -0.64809000  0.32389000 -0.10532000  0.04963000  0.04963000 -0.04085000  0.07992000  0.91786999 -0.82031000 -0.82031000 -0.50199997  0.32486001 -0.24569000  0.18483999 -0.33142000  0.28872001
Ace Val Ala CHie  0.04059000  0.35752001 -0.64398998  0.33610001 -0.11030000  0.05067000  0.05067000 -0.03287000  0.07592000  0.91593998 -0.82424999 -0.82424999 -0.50923997  0.32571000 -0.25136000  0.18469999 -0.33651999  0.28332001
Ace Val Tyr CHie  0.04052000  0.35945999 -0.64191997  0.33678999 -0.10884001  0.05025000  0.05025000 -0.03389000  0.07348000  0.91759002 -0.82428998 -0.82428998 -0.50920999  0.32572001 -0.25202999  0.18307000 -0.33676002  0.28318000
Ace Val Pro CHie  0.04005000  0.35826999 -0.64392000  0.34121001 -0.10924000  0.05167000  0.05167000 -0.03182000  0.07980000  0.91223001 -0.82907999 -0.82907999 -0.52802002  0.31740001 -0.25598002  0.18171000 -0.33748001  0.28253001
Ace Val Arg CHie  0.04620000  0.36502001 -0.64780003  0.32290000 -0.10134000  0.04316000  0.04316000 -0.04336000  0.07697000  0.91996002 -0.81550002 -0.81550002 -0.49709001  0.33019999 -0.24406999  0.18615000 -0.33076000  0.28894001
Ace Val Gly CHie  0.04093000  0.35887000 -0.64193999  0.33798001 -0.10846000  0.04919000  0.04919000 -0.03323000  0.07161001  0.91860998 -0.82345003 -0.82345003 -0.51098001  0.32779000 -0.25226000  0.18316001 -0.33667001  0.28272000
Ace Val Trp CHie  0.03980000  0.35777000 -0.64543998  0.33471000 -0.10824000  0.05012000  0.05012000 -0.03412000  0.07649000  0.91532999 -0.82467002 -0.82467002 -0.51038003  0.32413000 -0.24946000  0.18527000 -0.33620000  0.28367999
Ace Val Glh CHie  0.04088000  0.35766000 -0.64455998  0.33409000 -0.10879000  0.05089000  0.05089000 -0.03564000  0.07177000  0.91750997 -0.82173997 -0.82173997 -0.50360000  0.32833001 -0.24697000  0.18616000 -0.33616999  0.28371000
Ace Val Asn CHie  0.04092000  0.35918000 -0.64218998  0.33722001 -0.11053000  0.05234000  0.05234000 -0.03605000  0.07324000  0.91768998 -0.82322001 -0.82322001 -0.50914001  0.32918000 -0.25413999  0.18245999 -0.33695999  0.28338000
Ace Val Ile CHie  0.04024000  0.35991001 -0.64007997  0.33572999 -0.10648000  0.04699000  0.04699000 -0.03548000  0.07816000  0.91702002 -0.82448000 -0.82448000 -0.51335001  0.32615000 -0.25176001  0.18321000 -0.33682001  0.28325999
Ace Val Gln CHie  0.04026000  0.35947001 -0.64104998  0.33829001 -0.11003000  0.05094000  0.05094000 -0.03523000  0.07110000  0.91955000 -0.82348001 -0.82348001 -0.50550002  0.32980001 -0.25162000  0.18266000 -0.33702001  0.28285000
Ace Val Cyx CHie  0.04178000  0.35925999 -0.64221001  0.33689001 -0.10789000  0.04871000  0.04871000 -0.03576000  0.07000000  0.91952998 -0.82212001 -0.82212001 -0.50348997  0.33219001 -0.25191000  0.18368000 -0.33605999  0.28314999
Ace Val Met CHie  0.04061000  0.35747001 -0.64396000  0.33390999 -0.10961000  0.05127000  0.05127000 -0.03553000  0.07247000  0.91722000 -0.82190001 -0.82190001 -0.50457001  0.32795000 -0.24899000  0.18547000 -0.33577001  0.28391001
Ace Val Phe CHie  0.04000000  0.35716000 -0.64903999  0.33228001 -0.10812000  0.05025000  0.05025000 -0.03297000  0.07800000  0.91351998 -0.82538998 -0.82538998 -0.51141000  0.32400000 -0.24502000  0.18743999 -0.33550999  0.28415000
Ace Val Asp CHie  0.03198000  0.34314001 -0.64510000  0.35224000 -0.11785000  0.05435000  0.05435000 -0.01442000  0.06575000  0.91236001 -0.83868003 -0.83868003 -0.52850002  0.32736000 -0.25443000  0.18889999 -0.34266001  0.27480999
Ace Val Cys CHie  0.04085000  0.35666001 -0.64559001  0.33521000 -0.11090000  0.05200000  0.05200000 -0.03279000  0.07582000  0.91688001 -0.82460999 -0.82460999 -0.51116002  0.32385999 -0.24894001  0.18607000 -0.33566001  0.28340000
Ace Val Hid CHie  0.04054000  0.35863999 -0.64543998  0.33418000 -0.10829000  0.04967000  0.04967000 -0.03476000  0.07459000  0.91658002 -0.82293999 -0.82293999 -0.50942999  0.32758999 -0.24830000  0.18573999 -0.33496001  0.28382000
Ace Val Val CHie  0.04039000  0.35843000 -0.64467001  0.33509001 -0.10725000  0.04834000  0.04834000 -0.03454000  0.07796000  0.91531998 -0.82525998 -0.82525998 -0.51383001  0.32541001 -0.24921000  0.18520000 -0.33594999  0.28319999
Ace Val Hip CHie  0.04710000  0.36844998 -0.65420997  0.31867000 -0.10313000  0.04963000  0.04963000 -0.04504000  0.08446000  0.91782999 -0.81739998 -0.81739998 -0.49728000  0.32185998 -0.23865000  0.18614000 -0.32883001  0.29107001
Ace Val Lyn CHie  0.04059000  0.35892999 -0.64094001  0.33737001 -0.10982000  0.05018000  0.05018000 -0.03544000  0.07139000  0.91917002 -0.82240999 -0.82240999 -0.50619000  0.32943001 -0.25299001  0.18268000 -0.33697999  0.28312999
Ace Val Hie CHie  0.03985000  0.35736001 -0.64463001  0.33598000 -0.10893000  0.05016000  0.05016000 -0.03182000  0.07318000  0.91583002 -0.82454002 -0.82454002 -0.51117998  0.32789001 -0.24987000  0.18497001 -0.33653000  0.28312001
Ace Val Ash CHie  0.04065000  0.35881001 -0.64472001  0.33502999 -0.11079999  0.05215000  0.05215000 -0.03575000  0.07503000  0.91696000 -0.82291001 -0.82291001 -0.50743001  0.32699001 -0.24989000  0.18437000 -0.33647999  0.28351000
Ace Val Glu CHie  0.03207000  0.34628999 -0.63926000  0.35214999 -0.12007000  0.05807000  0.05807000 -0.01969000  0.06549000  0.91495001 -0.83741999 -0.83741999 -0.52035999  0.32455000 -0.25503001  0.18656000 -0.34367001  0.27484000
Ace Val Ser CHie  0.04206000  0.35801000 -0.64464998  0.33948001 -0.10849000  0.05018000  0.05018000 -0.03077000  0.07391000  0.91613001 -0.82516003 -0.82516003 -0.51871997  0.32534000 -0.25408000  0.18294001 -0.33601999  0.28273001
Ace Val Thr CHie  0.03972000  0.35695001 -0.64375001  0.33520999 -0.11009000  0.04912000  0.04912000 -0.03293000  0.07371000  0.91768998 -0.82476998 -0.82476998 -0.51084000  0.32653001 -0.24864000  0.18617999 -0.33671001  0.28308001
Ace Val Leu CHie  0.03996000  0.35883999 -0.64411002  0.33526999 -0.10827000  0.04979000  0.04979000 -0.03517000  0.07876000  0.91457999 -0.82538998 -0.82538998 -0.51309001  0.32394999 -0.25066999  0.18380000 -0.33689001  0.28356001
