Ace Val Ile CHip  0.23980000 -0.08027000 -0.13101000  0.34852999 -0.01576000 -0.05048000  0.08285000  0.08285000 -0.03703000  0.07512000  0.89960003 -0.80839998 -0.80839998 -0.53437001  0.32697001 -0.09517000  0.27540001 -0.12491000  0.34489000
Ace Val Ser CHip  0.24180999 -0.07697000 -0.12924001  0.35747999 -0.01065000 -0.05656000  0.08830000  0.08830000 -0.02907000  0.06516000  0.90246999 -0.80549997 -0.80549997 -0.53184998  0.33217999 -0.10936000  0.26697001 -0.12806000  0.34343001
Ace Val Ash CHip  0.24092000 -0.07707000 -0.12915001  0.35550001 -0.01457000 -0.05532000  0.08670999  0.08670999 -0.03318000  0.06954000  0.90324002 -0.80552000 -0.80552000 -0.52626998  0.33169001 -0.10254001  0.26962000 -0.12702001  0.34391999
Ace Val Arg CHip  0.24787000 -0.06234000 -0.13319001  0.35227999 -0.02110000 -0.05265000  0.08325000  0.08325000 -0.04464000  0.06496000  0.90407997 -0.79391998 -0.79391998 -0.51128000  0.33847001 -0.09922000  0.26765999 -0.12534000  0.34962001
Ace Val Asn CHip  0.24097000 -0.07921000 -0.13170999  0.34900001 -0.01323000 -0.05414000  0.08582000  0.08582000 -0.03563000  0.06992000  0.90310001 -0.80689001 -0.80689001 -0.52811998  0.33217999 -0.09784000  0.27353001 -0.12481000  0.34463999
Ace Val Val CHip  0.24050000 -0.07594000 -0.12926000  0.35602000 -0.01397000 -0.05318000  0.08505000  0.08505000 -0.03337000  0.07325000  0.89854997 -0.80690003 -0.80690003 -0.53359997  0.32681000 -0.10492000  0.26930001 -0.12755001  0.34380999
Ace Val Lyn CHip  0.24185000 -0.07203000 -0.12729999  0.36368001 -0.00874000 -0.05730000  0.08779000  0.08779000 -0.03189000  0.06670000  0.90254998 -0.80355000 -0.80355000 -0.52350002  0.33502001 -0.11500000  0.26073000 -0.13039000  0.34305000
Ace Val Gln CHip  0.24123000 -0.07554000 -0.12856001  0.35771999 -0.00946000 -0.05859000  0.08971000  0.08971000 -0.03188000  0.06623000  0.90118003 -0.80445999 -0.80445999 -0.52337003  0.33359000 -0.10870000  0.26717001 -0.12871000  0.34338999
Ace Val Met CHip  0.24083000 -0.07949000 -0.13163001  0.34744000 -0.01451000 -0.05237000  0.08250000  0.08250000 -0.03658000  0.06684000  0.90776998 -0.80580998 -0.80580998 -0.52269000  0.34027001 -0.09011000  0.27044001 -0.12260000  0.34595999
Ace Val Lys CHip  0.24727000 -0.05696000 -0.13166000  0.35762000 -0.01732000 -0.05341000  0.08577000  0.08577000 -0.04417000  0.07123000  0.90388000 -0.79869997 -0.79869997 -0.52089000  0.33008999 -0.10688000  0.25964999 -0.12745000  0.34959999
Ace Val Asp CHip  0.23152999 -0.09968000 -0.12665001  0.36177999  0.00467000 -0.06461000  0.09150000  0.09150000 -0.00425000  0.06032000  0.89977002 -0.82132000 -0.82132000 -0.54351998  0.33649999 -0.12253000  0.26982000 -0.13072001  0.33408999
Ace Val Pro CHip  0.23982000 -0.07661000 -0.13039000  0.35424000 -0.00957000 -0.04872000  0.08110000  0.08110000 -0.03479000  0.07683000  0.90160000 -0.81211001 -0.81211001 -0.54435003  0.32183000 -0.10153000  0.26356000 -0.12605000  0.34380999
Ace Val Hie CHip  0.24054000 -0.08086000 -0.13147999  0.35009000 -0.01226000 -0.05676000  0.08726000  0.08726000 -0.03063000  0.06925000  0.89969999 -0.80734002 -0.80734002 -0.53149003  0.32846999 -0.10162000  0.27533999 -0.12569000  0.34371001
Ace Val Phe CHip  0.24085000 -0.08033000 -0.13098000  0.34911999 -0.01463000 -0.05615000  0.08636000  0.08636000 -0.03386000  0.07167001  0.90011001 -0.80655002 -0.80655002 -0.52983999  0.32749000 -0.09782000  0.27521000 -0.12527999  0.34466002
Ace Val Thr CHip  0.24133999 -0.07046000 -0.12468000  0.37031001 -0.00785000 -0.05887000  0.08844000  0.08844000 -0.02684000  0.06711000  0.90176999 -0.80515999 -0.80515999 -0.52547997  0.33260000 -0.12266001  0.25757000 -0.13317000  0.34169999
Ace Val Hip CHip  0.24856999 -0.05434000 -0.13369000  0.35174000 -0.02387000 -0.05142000  0.08584000  0.08584000 -0.05288000  0.07920000  0.90047002 -0.79374999 -0.79374999 -0.51628000  0.32234999 -0.09789000  0.26357999 -0.12450000  0.35227001
Ace Val Ala CHip  0.24134999 -0.07334000 -0.13013000  0.35694000 -0.00908000 -0.05632000  0.08628000  0.08628000 -0.03535000  0.06785000  0.90548002 -0.80378002 -0.80378002 -0.52305001  0.33608001 -0.10703000  0.26313001 -0.12761000  0.34435001
Ace Val Glh CHip  0.24188000 -0.07541000 -0.12959000  0.35648000 -0.01262000 -0.05433000  0.08716000  0.08716000 -0.03428000  0.06614001  0.90258998 -0.80361003 -0.80361003 -0.52235001  0.33398000 -0.10509000  0.26914001 -0.12771000  0.34419000
Ace Val Tyr CHip  0.24075000 -0.08016000 -0.13166000  0.34935999 -0.01145000 -0.05807000  0.08770000  0.08770000 -0.03137000  0.06769000  0.90208000 -0.80699003 -0.80699003 -0.52740997  0.32872000 -0.09947000  0.27349001 -0.12519001  0.34398001
Ace Val Hid CHip  0.24079999 -0.07924000 -0.13128000  0.35021001 -0.01396000 -0.05599000  0.08738000  0.08738000 -0.03439000  0.06824000  0.90094000 -0.80466997 -0.80466997 -0.52844000  0.32809001 -0.09954000  0.27559999 -0.12593000  0.34476000
Ace Val Glu CHip  0.23299000 -0.09419000 -0.12492000  0.36465001  0.00650000 -0.06783000  0.09713000  0.09713000 -0.00833000  0.05867000  0.89903998 -0.81897003 -0.81897003 -0.53451997  0.33210000 -0.12476000  0.26637000 -0.13161001  0.33460000
Ace Val Cys CHip  0.24098000 -0.07676000 -0.12876999  0.35545001 -0.01321000 -0.05355000  0.08652000  0.08652000 -0.03452000  0.06944000  0.90568000 -0.80611002 -0.80611002 -0.52568000  0.33460999 -0.10135000  0.26649001 -0.12656000  0.34413001
Ace Val Cyx CHip  0.24300000 -0.06123000 -0.12345000  0.38249999 -0.01170000 -0.05397000  0.08808000  0.08808000 -0.02325000  0.06520000  0.89836001 -0.80372000 -0.80372000 -0.52297997  0.33859000 -0.13255000  0.24860001 -0.13925000  0.34048000
Ace Val Gly CHip  0.24157000 -0.07220000 -0.12728000  0.36376000 -0.00921000 -0.05686000  0.08795000  0.08795000 -0.02864000  0.06600000  0.90123999 -0.80441999 -0.80441999 -0.52894997  0.33124000 -0.11482000  0.26223001 -0.13068999  0.34314999
Ace Val Trp CHip  0.24067999 -0.08071000 -0.13164000  0.34909999 -0.01317000 -0.05451000  0.08679000  0.08679000 -0.03298000  0.07065000  0.89835000 -0.80698001 -0.80698001 -0.53128999  0.32560000 -0.10022000  0.27581999 -0.12521000  0.34437999
Ace Val Leu CHip  0.24157000 -0.07410000 -0.13001999  0.35611999 -0.00985000 -0.05297000  0.08397000  0.08397000 -0.03699000  0.07385000  0.90227002 -0.80710000 -0.80710000 -0.53299999  0.32881001 -0.10689000  0.26438001 -0.12713000  0.34400001
