Ace Val Phe CIle  0.32054001 -0.49807000 -0.03607000  0.07413000  0.91644001 -0.82501000 -0.82501000 -0.06638000  0.06165000 -0.08924000  0.02781000  0.02781000  0.02781000 -0.07445000  0.02858000  0.02858000 -0.08889000  0.02929000  0.02929000  0.02929000
Ace Val Trp CIle  0.32122999 -0.49816999 -0.03480000  0.07355000  0.91543001 -0.82631999 -0.82631999 -0.06606000  0.06198000 -0.09013000  0.02796000  0.02796000  0.02796000 -0.07496000  0.02889000  0.02889000 -0.08898000  0.02909000  0.02909000  0.02909000
Ace Val Glu CIle  0.31408000 -0.51375001 -0.02533000  0.07395000  0.91114998 -0.83537000 -0.83537000 -0.06637000  0.05753000 -0.08693000  0.02456000  0.02456000  0.02456000 -0.07035000  0.02823000  0.02823000 -0.09080000  0.02756000  0.02756000  0.02756000
Ace Val Hip CIle  0.30506000 -0.47694999 -0.05759000  0.08149000  0.92000997 -0.81062001 -0.81062001 -0.07674000  0.09769000 -0.08372000  0.02679000  0.02679000  0.02679000 -0.06647000  0.00983000  0.00983000 -0.10039000  0.03712000  0.03712000  0.03712000
Ace Val Ser CIle  0.31581000 -0.48894000 -0.03644000  0.07559000  0.91398001 -0.82673001 -0.82673001 -0.06989000  0.07482000 -0.08541000  0.02616000  0.02616000  0.02616000 -0.07067000  0.02289000  0.02289000 -0.09584000  0.03180000  0.03180000  0.03180000
Ace Val Pro CIle  0.31804001 -0.51841998 -0.02866000  0.07181000  0.91549998 -0.82912999 -0.82912999 -0.06806000  0.05942000 -0.08642000  0.02493000  0.02493000  0.02493000 -0.07612000  0.03855000  0.03855000 -0.08704000  0.02447000  0.02447000  0.02447000
Ace Val Hie CIle  0.31090999 -0.49223000 -0.03948000  0.07515000  0.91307998 -0.82646000 -0.82646000 -0.07237000  0.08281000 -0.08421000  0.02593000  0.02593000  0.02593000 -0.07050000  0.01965000  0.01965000 -0.09760000  0.03246000  0.03246000  0.03246000
Ace Val Tyr CIle  0.31679002 -0.49663001 -0.03549000  0.07537000  0.91623998 -0.82599002 -0.82599002 -0.06992000  0.06425000 -0.08650000  0.02496000  0.02496000  0.02496000 -0.07037000  0.02884000  0.02884000 -0.09250000  0.03055000  0.03055000  0.03055000
Ace Val Lys CIle  0.31081000 -0.48410001 -0.05229000  0.07945000  0.91957003 -0.81198001 -0.81198001 -0.07324000  0.08904000 -0.08443000  0.02439000  0.02439000  0.02439000 -0.06641000  0.00995000  0.00995000 -0.09886000  0.03618000  0.03618000  0.03618000
Ace Val Leu CIle  0.32269999 -0.50208998 -0.03082000  0.07285000  0.91666001 -0.82690001 -0.82690001 -0.06710000  0.05517000 -0.08931000  0.02603000  0.02603000  0.02603000 -0.07186000  0.03348000  0.03348000 -0.08929000  0.02901000  0.02901000  0.02901000
Ace Val Ash CIle  0.32246000 -0.49621999 -0.03721000  0.07540000  0.91747999 -0.82393998 -0.82393998 -0.06724000  0.05929000 -0.08760000  0.02557000  0.02557000  0.02557000 -0.07184000  0.03106000  0.03106000 -0.09032000  0.02990000  0.02990000  0.02990000
Ace Val Asn CIle  0.31154001 -0.49247000 -0.04052000  0.07637000  0.91497999 -0.82432997 -0.82432997 -0.07132000  0.07729000 -0.08439000  0.02511000  0.02511000  0.02511000 -0.06984000  0.02176000  0.02176000 -0.09649000  0.03222000  0.03222000  0.03222000
Ace Val Gln CIle  0.31055999 -0.49322000 -0.04087000  0.07704000  0.91263997 -0.82786000 -0.82786000 -0.06863000  0.07843000 -0.08571000  0.02682000  0.02682000  0.02682000 -0.07210000  0.02340000  0.02340000 -0.09499000  0.03138000  0.03138000  0.03138000
Ace Val Hid CIle  0.31409001 -0.49331001 -0.04102000  0.07509000  0.91611999 -0.82411999 -0.82411999 -0.07144000  0.07610000 -0.08666000  0.02731000  0.02731000  0.02731000 -0.07157000  0.02211000  0.02211000 -0.09469000  0.03165000  0.03165000  0.03165000
Ace Val Ile CIle  0.32111999 -0.49955001 -0.03323000  0.07275000  0.91684997 -0.82596999 -0.82596999 -0.06771000  0.06115000 -0.09055000  0.02801000  0.02801000  0.02801000 -0.07483000  0.03044000  0.03044000 -0.08701000  0.02842000  0.02842000  0.02842000
Ace Val Asp CIle  0.32517001 -0.52024001 -0.01513000  0.06510000  0.91281998 -0.84201998 -0.84201998 -0.06609000  0.04764000 -0.09156000  0.03028000  0.03028000  0.03028000 -0.07541000  0.03140000  0.03140000 -0.08532000  0.02380000  0.02380000  0.02380000
Ace Val Arg CIle  0.31024000 -0.48319000 -0.04321000  0.08082000  0.91439003 -0.82688999 -0.82688999 -0.06417001  0.07030999 -0.08791000  0.02717000  0.02717000  0.02717000 -0.07215000  0.03210000  0.03210000 -0.09450000  0.03222000  0.03222000  0.03222000
Ace Val Lyn CIle  0.31050000 -0.49506000 -0.03730000  0.07755000  0.91271001 -0.82774001 -0.82774001 -0.06730000  0.07135000 -0.08563000  0.02560000  0.02560000  0.02560000 -0.07089000  0.02692000  0.02692000 -0.09405000  0.03098000  0.03098000  0.03098000
Ace Val Ala CIle  0.32082001 -0.49866000 -0.03443000  0.07400000  0.91378999 -0.82690000 -0.82690000 -0.06470000  0.06086000 -0.08728999  0.02615000  0.02615000  0.02615000 -0.07271000  0.03327000  0.03327000 -0.08948999  0.02836000  0.02836000  0.02836000
Ace Val Cyx CIle  0.31007001 -0.49079999 -0.04010000  0.07678000  0.91381002 -0.83121997 -0.83121997 -0.06924000  0.08125000 -0.08519000  0.02760000  0.02760000  0.02760000 -0.07491000  0.02459000  0.02459000 -0.09610000  0.03188000  0.03188000  0.03188000
Ace Val Gly CIle  0.31183001 -0.49538001 -0.03688000  0.07833000  0.91426003 -0.82672000 -0.82672000 -0.06896000  0.06795000 -0.08566000  0.02469000  0.02469000  0.02469000 -0.07018000  0.02835000  0.02835000 -0.09425000  0.03132000  0.03132000  0.03132000
Ace Val Thr CIle  0.31316000 -0.50371999 -0.03847000  0.07662000  0.91251999 -0.83041000 -0.83041000 -0.06583000  0.06970000 -0.08660000  0.02631000  0.02631000  0.02631000 -0.07078000  0.02747000  0.02747000 -0.09409000  0.03107000  0.03107000  0.03107000
Ace Val Glh CIle  0.31222999 -0.49412000 -0.04030000  0.07878000  0.91289997 -0.82800001 -0.82800001 -0.06752000  0.07089000 -0.08638000  0.02617000  0.02617000  0.02617000 -0.07115000  0.02774000  0.02774000 -0.09354000  0.03095000  0.03095000  0.03095000
Ace Val Cys CIle  0.31619999 -0.49768001 -0.03679000  0.07655000  0.91364002 -0.82685000 -0.82685000 -0.06615000  0.06843000 -0.08772000  0.02764000  0.02764000  0.02764000 -0.07283000  0.02767000  0.02767000 -0.09169000  0.03049000  0.03049000  0.03049000
Ace Val Met CIle  0.32475001 -0.49713001 -0.03509000  0.07406000  0.91352999 -0.82498002 -0.82498002 -0.06300000  0.05740000 -0.09056000  0.02837000  0.02837000  0.02837000 -0.07275000  0.03230000  0.03230000 -0.08997000  0.02917000  0.02917000  0.02917000
Ace Val Val CIle  0.32205999 -0.50016999 -0.03135000  0.07192000  0.91573000 -0.82599002 -0.82599002 -0.06573000  0.06048000 -0.09203000  0.02995000  0.02995000  0.02995000 -0.07591000  0.02846000  0.02846000 -0.08701000  0.02842000  0.02842000  0.02842000
