Ace Val Hie CLeu  0.32791999 -0.51117003 -0.03195000  0.06803000  0.91650998 -0.82797998 -0.82797998 -0.07479000  0.02984000  0.02984000 -0.06449000  0.08144000 -0.08588000  0.02446000  0.02446000  0.02446000 -0.08588000  0.02446000  0.02446000  0.02446000
Ace Val Val CLeu  0.32440001 -0.50655002 -0.02989000  0.06626000  0.91640001 -0.82634997 -0.82634997 -0.07555000  0.03178000  0.03178000 -0.06307000  0.07814000 -0.08659000  0.02495000  0.02495000  0.02495000 -0.08659000  0.02495000  0.02495000  0.02495000
Ace Val Cyx CLeu  0.32839000 -0.50823998 -0.03269000  0.06838000  0.91310000 -0.82819003 -0.82819003 -0.07045000  0.03272000  0.03272000 -0.06569000  0.08078000 -0.08612000  0.02494000  0.02494000  0.02494000 -0.08612000  0.02494000  0.02494000  0.02494000
Ace Val Leu CLeu  0.32598999 -0.50685001 -0.03101000  0.06663000  0.91610002 -0.82681000 -0.82681000 -0.07504000  0.03139000  0.03139000 -0.06388000  0.07964000 -0.08622000  0.02475000  0.02475000  0.02475000 -0.08622000  0.02475000  0.02475000  0.02475000
Ace Val Gly CLeu  0.32659998 -0.50700998 -0.03263000  0.06940000  0.91530001 -0.82635999 -0.82635999 -0.07252000  0.03060000  0.03060000 -0.06390000  0.07948000 -0.08648000  0.02495000  0.02495000  0.02495000 -0.08648000  0.02495000  0.02495000  0.02495000
Ace Val Phe CLeu  0.32482001 -0.50910997 -0.03328000  0.06927000  0.91715998 -0.82673001 -0.82673001 -0.07370000  0.02954000  0.02954000 -0.06311000  0.07834000 -0.08666000  0.02508000  0.02508000  0.02508000 -0.08666000  0.02508000  0.02508000  0.02508000
Ace Val Tyr CLeu  0.32416999 -0.50913000 -0.03322000  0.06947000  0.91667998 -0.82669997 -0.82669997 -0.07356000  0.02930000  0.02930000 -0.06278000  0.07797000 -0.08682000  0.02506000  0.02506000  0.02506000 -0.08682000  0.02506000  0.02506000  0.02506000
Ace Val Thr CLeu  0.32668999 -0.51341999 -0.03297000  0.07005000  0.91280001 -0.82887000 -0.82887000 -0.07015000  0.03075000  0.03075000 -0.06567000  0.08223000 -0.08593000  0.02460000  0.02460000  0.02460000 -0.08593000  0.02460000  0.02460000  0.02460000
Ace Val Met CLeu  0.32539001 -0.50266999 -0.03543000  0.07210000  0.91354001 -0.82503003 -0.82503003 -0.06940000  0.03001000  0.03001000 -0.06297000  0.07882000 -0.08686000  0.02510000  0.02510000  0.02510000 -0.08686000  0.02510000  0.02510000  0.02510000
Ace Val Lyn CLeu  0.32679999 -0.50686002 -0.03214000  0.06983000  0.91428000 -0.82725000 -0.82725000 -0.07129000  0.03044000  0.03044000 -0.06493000  0.08180000 -0.08589000  0.02455000  0.02455000  0.02455000 -0.08589000  0.02455000  0.02455000  0.02455000
Ace Val Ile CLeu  0.32536000 -0.50713998 -0.03001000  0.06625000  0.91544002 -0.82665002 -0.82665002 -0.07594000  0.03225000  0.03225000 -0.06315000  0.07820000 -0.08655000  0.02491000  0.02491000  0.02491000 -0.08655000  0.02491000  0.02491000  0.02491000
Ace Val Ash CLeu  0.32809001 -0.50313002 -0.03481000  0.06862000  0.91696000 -0.82389999 -0.82389999 -0.07260000  0.02956000  0.02956000 -0.06301000  0.07844000 -0.08696000  0.02529000  0.02529000  0.02529000 -0.08696000  0.02529000  0.02529000  0.02529000
Ace Val Asn CLeu  0.32655999 -0.50475002 -0.03359000  0.06977000  0.91710001 -0.82542998 -0.82542998 -0.07309000  0.02867000  0.02867000 -0.06390000  0.08004000 -0.08650000  0.02488000  0.02488000  0.02488000 -0.08650000  0.02488000  0.02488000  0.02488000
Ace Val Gln CLeu  0.32760999 -0.50738001 -0.03451000  0.07035000  0.91443002 -0.82697999 -0.82697999 -0.07033000  0.03060000  0.03060000 -0.06479000  0.08009000 -0.08615000  0.02476000  0.02476000  0.02476000 -0.08615000  0.02476000  0.02476000  0.02476000
Ace Val Glh CLeu  0.32552001 -0.50377000 -0.03685000  0.07327000  0.91429001 -0.82622999 -0.82622999 -0.06957000  0.02973000  0.02973000 -0.06486000  0.08145000 -0.08633000  0.02495000  0.02495000  0.02495000 -0.08633000  0.02495000  0.02495000  0.02495000
Ace Val Hip CLeu  0.32548001 -0.49136999 -0.05137000  0.07673000  0.92255998 -0.81461000 -0.81461000 -0.07084000  0.02525000  0.02525000 -0.06545000  0.08584000 -0.08768000  0.02805000  0.02805000  0.02805000 -0.08768000  0.02805000  0.02805000  0.02805000
Ace Val Trp CLeu  0.32539001 -0.50858998 -0.03281000  0.06881000  0.91637999 -0.82687998 -0.82687998 -0.07332000  0.02932000  0.02932000 -0.06294000  0.07779000 -0.08677000  0.02498000  0.02498000  0.02498000 -0.08677000  0.02498000  0.02498000  0.02498000
Ace Val Lys CLeu  0.32508999 -0.49640000 -0.04296000  0.07400000  0.91969001 -0.81589001 -0.81589001 -0.06996000  0.02198000  0.02198000 -0.06463000  0.08484000 -0.08684000  0.02654000  0.02654000  0.02654000 -0.08684000  0.02654000  0.02654000  0.02654000
Ace Val Glu CLeu  0.32699999 -0.51967001 -0.02212000  0.06697000  0.91384000 -0.83744001 -0.83744001 -0.07340999  0.03041000  0.03041000 -0.06624000  0.08224000 -0.08380000  0.02113000  0.02113000  0.02113000 -0.08380000  0.02113000  0.02113000  0.02113000
Ace Val Hid CLeu  0.32550999 -0.50730997 -0.03515000  0.06912000  0.91791999 -0.82534999 -0.82534999 -0.07409000  0.02899000  0.02899000 -0.06433000  0.08073000 -0.08636000  0.02513000  0.02513000  0.02513000 -0.08636000  0.02513000  0.02513000  0.02513000
Ace Val Ser CLeu  0.32995999 -0.50338000 -0.03119000  0.06780000  0.91649997 -0.82624000 -0.82624000 -0.07356000  0.02968000  0.02968000 -0.06490000  0.08227000 -0.08573000  0.02443000  0.02443000  0.02443000 -0.08573000  0.02443000  0.02443000  0.02443000
Ace Val Cys CLeu  0.32372999 -0.50852001 -0.03317000  0.07155000  0.91413999 -0.82617003 -0.82617003 -0.07065000  0.03074000  0.03074000 -0.06399000  0.07884000 -0.08671000  0.02535000  0.02535000  0.02535000 -0.08671000  0.02535000  0.02535000  0.02535000
Ace Val Arg CLeu  0.32449999 -0.49520999 -0.03728000  0.07133000  0.91312999 -0.82209998 -0.82209998 -0.06889000  0.03199000  0.03199000 -0.06437000  0.08031000 -0.08732000  0.02698000  0.02698000  0.02698000 -0.08732000  0.02698000  0.02698000  0.02698000
Ace Val Pro CLeu  0.32066000 -0.52322000 -0.02716000  0.06300000  0.91437000 -0.82947999 -0.82947999 -0.07335000  0.03308000  0.03308000 -0.06662000  0.07950000 -0.08535000  0.02410000  0.02410000  0.02410000 -0.08535000  0.02410000  0.02410000  0.02410000
Ace Val Ala CLeu  0.32822001 -0.50700998 -0.03270000  0.07013000  0.91420001 -0.82760000 -0.82760000 -0.07077000  0.03024000  0.03024000 -0.06528000  0.08271000 -0.08564000  0.02446000  0.02446000  0.02446000 -0.08564000  0.02446000  0.02446000  0.02446000
Ace Val Asp CLeu  0.32741999 -0.52586001 -0.01412000  0.05980000  0.91247999 -0.84217000 -0.84217000 -0.07751000  0.03376000  0.03376000 -0.06628000  0.07927999 -0.08399000  0.02088000  0.02088000  0.02088000 -0.08399000  0.02088000  0.02088000  0.02088000
