Ace Val Glu CLyn  0.32629001 -0.51837999 -0.01801000  0.06182000  0.91242999 -0.83885002 -0.83885002 -0.08408000  0.03686000  0.03686000 -0.07209000  0.05413000  0.05413000 -0.11624000  0.03260000  0.03260000  0.13906001  0.04905000  0.04905000 -0.90944999  0.33137000  0.33137000
Ace Val Asn CLyn  0.32653001 -0.50420999 -0.03354000  0.06975000  0.91175002 -0.82520002 -0.82520002 -0.07920000  0.03475000  0.03475000 -0.07155000  0.05510000  0.05510000 -0.11636000  0.03069000  0.03069000  0.14010000  0.05207000  0.05207000 -0.90482998  0.33315000  0.33315000
Ace Val Thr CLyn  0.32677001 -0.50392997 -0.03443000  0.07152000  0.91582000 -0.82560998 -0.82560998 -0.08098000  0.03172000  0.03172000 -0.07203000  0.05711000  0.05711000 -0.11569000  0.02918000  0.02918000  0.14086001  0.05269000  0.05269000 -0.90657002  0.33306000  0.33306000
Ace Val Lyn CLyn  0.32559001 -0.50402999 -0.03325000  0.07125000  0.91491002 -0.82485998 -0.82485998 -0.07911000  0.03062000  0.03062000 -0.07212000  0.05770000  0.05770000 -0.11592000  0.02906000  0.02906000  0.14087000  0.05295000  0.05295000 -0.90641999  0.33331999  0.33331999
Ace Val Leu CLyn  0.32313001 -0.50812000 -0.03362000  0.07261000  0.91158998 -0.82672000 -0.82672000 -0.07665000  0.03046000  0.03046000 -0.07295000  0.05818000  0.05818000 -0.11575000  0.02914000  0.02914000  0.14037000  0.05291000  0.05291000 -0.90600997  0.33309999  0.33309999
Ace Val Ser CLyn  0.32409000 -0.51318997 -0.03082000  0.07070000  0.91262001 -0.82710999 -0.82710999 -0.07740000  0.03102000  0.03102000 -0.07355000  0.05781000  0.05781000 -0.11598000  0.02941000  0.02941000  0.14046000  0.05281000  0.05281000 -0.90572000  0.33302000  0.33302000
Ace Val Ile CLyn  0.32348999 -0.50897998 -0.03457000  0.07321000  0.91165000 -0.82648999 -0.82648999 -0.07601000  0.03043000  0.03043000 -0.07323000  0.05791000  0.05791000 -0.11609000  0.02932000  0.02932000  0.14024000  0.05303000  0.05303000 -0.90521002  0.33278000  0.33278000
Ace Val Ash CLyn  0.32567001 -0.50401002 -0.03625000  0.07309000  0.91189999 -0.82502001 -0.82502001 -0.07695000  0.03154000  0.03154000 -0.07250000  0.05836000  0.05836000 -0.11600000  0.02950000  0.02950000  0.14032000  0.05296000  0.05296000 -0.90533000  0.33298999  0.33298999
Ace Val Lys CLyn  0.32573000 -0.49568999 -0.04125000  0.07211000  0.91187000 -0.81927001 -0.81927001 -0.07533000  0.03318000  0.03318000 -0.07095000  0.05610000  0.05610000 -0.11714000  0.03056000  0.03056000  0.14264999  0.05326000  0.05326000 -0.90362000  0.33583000  0.33583000
Ace Val Ala CLyn  0.32429001 -0.50369000 -0.03358000  0.07134000  0.91573000 -0.82538003 -0.82538003 -0.08053000  0.03135000  0.03135000 -0.07190000  0.05761000  0.05761000 -0.11584000  0.02931000  0.02931000  0.14004999  0.05296000  0.05296000 -0.90495998  0.33269000  0.33269000
Ace Val Gln CLyn  0.32784000 -0.50278997 -0.03528000  0.06954000  0.91643000 -0.82545000 -0.82545000 -0.08000000  0.03211000  0.03211000 -0.07205000  0.05776000  0.05776000 -0.11619000  0.03001000  0.03001000  0.14015000  0.05256000  0.05256000 -0.90512001  0.33285001  0.33285001
Ace Val Arg CLyn  0.32014999 -0.49114999 -0.04764000  0.07781000  0.92162001 -0.81660002 -0.81660002 -0.07688000  0.02381000  0.02381000 -0.07535000  0.06344000  0.06344000 -0.11507000  0.02530000  0.02530000  0.14063001  0.05690000  0.05690000 -0.90161997  0.33318999  0.33318999
Ace Val Cyx CLyn  0.32804000 -0.50660002 -0.03420000  0.06978000  0.91811001 -0.82555997 -0.82555997 -0.07916000  0.02899000  0.02899000 -0.07495000  0.05989000  0.05989000 -0.11518000  0.02827000  0.02827000  0.14013000  0.05352000  0.05352000 -0.90533000  0.33280000  0.33280000
Ace Val Pro CLyn  0.31354001 -0.52288002 -0.03072000  0.07459000  0.91276002 -0.83061999 -0.83061999 -0.07823000  0.02963000  0.02963000 -0.07364000  0.05919000  0.05919000 -0.11618000  0.02883000  0.02883000  0.13997000  0.05314000  0.05314000 -0.90560001  0.33250999  0.33250999
Ace Val Glh CLyn  0.32729000 -0.50330001 -0.03406000  0.07057000  0.91490001 -0.82445002 -0.82445002 -0.08024000  0.03132000  0.03132000 -0.07239000  0.05872000  0.05872000 -0.11616000  0.02945000  0.02945000  0.14060999  0.05308000  0.05308000 -0.90565997  0.33306000  0.33306000
Ace Val Asp CLyn  0.32736000 -0.52486998 -0.01723000  0.06313999  0.91130000 -0.83980000 -0.83980000 -0.08085000  0.03225000  0.03225000 -0.07436000  0.05570000  0.05570000 -0.11407000  0.02908000  0.02908000  0.13696000  0.05062000  0.05062000 -0.90799999  0.32954001  0.32954001
Ace Val Hid CLyn  0.32607999 -0.50448000 -0.03506000  0.07110000  0.91171002 -0.82463002 -0.82463002 -0.07723000  0.03167000  0.03167000 -0.07265000  0.05817000  0.05817000 -0.11612000  0.02945000  0.02945000  0.14046000  0.05289000  0.05289000 -0.90543002  0.33316001  0.33316001
Ace Val Hie CLyn  0.32892001 -0.50871002 -0.03294000  0.06935000  0.91228998 -0.82700002 -0.82700002 -0.07758000  0.03214000  0.03214000 -0.07261000  0.05717000  0.05717000 -0.11567000  0.02941000  0.02941000  0.14002000  0.05240000  0.05240000 -0.90548003  0.33265001  0.33265001
Ace Val Trp CLyn  0.32642001 -0.50940001 -0.03329000  0.06945000  0.91211999 -0.82713002 -0.82713002 -0.07596000  0.03125000  0.03125000 -0.07273000  0.05799000  0.05799000 -0.11610000  0.02925000  0.02925000  0.14033000  0.05265000  0.05265000 -0.90548003  0.33296001  0.33296001
Ace Val Val CLyn  0.32359001 -0.50963998 -0.03199000  0.07123000  0.91153997 -0.82642001 -0.82642001 -0.07621000  0.03078000  0.03078000 -0.07308000  0.05812000  0.05812000 -0.11575000  0.02922000  0.02922000  0.14032000  0.05290000  0.05290000 -0.90577000  0.33287001  0.33287001
Ace Val Tyr CLyn  0.32104999 -0.50791001 -0.03468000  0.07259000  0.91183001 -0.82743001 -0.82743001 -0.07661000  0.03110000  0.03110000 -0.07275000  0.05837000  0.05837000 -0.11626000  0.02918000  0.02918000  0.14082999  0.05281000  0.05281000 -0.90574998  0.33306000  0.33306000
Ace Val Gly CLyn  0.32484999 -0.50761998 -0.03301000  0.07081000  0.91440999 -0.82516998 -0.82516998 -0.07900000  0.03201000  0.03201000 -0.07185000  0.05641000  0.05641000 -0.11611000  0.02964000  0.02964000  0.14101000  0.05235000  0.05235000 -0.90644002  0.33344999  0.33344999
Ace Val Phe CLyn  0.32497001 -0.50664997 -0.03475000  0.07207000  0.91185999 -0.82546997 -0.82546997 -0.07767000  0.03204000  0.03204000 -0.07231000  0.05715000  0.05715000 -0.11608000  0.02956000  0.02956000  0.14034000  0.05265000  0.05265000 -0.90504998  0.33298001  0.33298001
Ace Val Hip CLyn  0.31937000 -0.49440000 -0.04604000  0.07542000  0.91623002 -0.81783998 -0.81783998 -0.07454000  0.03377000  0.03377000 -0.07411000  0.05836000  0.05836000 -0.11730000  0.03024000  0.03024000  0.14257000  0.05447000  0.05447000 -0.90200001  0.33609000  0.33609000
Ace Val Met CLyn  0.32583001 -0.50169999 -0.03421000  0.07074000  0.91557002 -0.82340998 -0.82340998 -0.07943000  0.03033000  0.03033000 -0.07129000  0.05839000  0.05839000 -0.11589000  0.02892000  0.02892000  0.14078000  0.05311000  0.05311000 -0.90603000  0.33324000  0.33324000
Ace Val Cys CLyn  0.32482001 -0.50334000 -0.03279000  0.07053000  0.91586000 -0.82466000 -0.82466000 -0.08025000  0.03293000  0.03293000 -0.07188999  0.05766000  0.05766000 -0.11626000  0.02992000  0.02992000  0.14033000  0.05275000  0.05275000 -0.90525001  0.33307001  0.33307001
