Ace Val Ala CLys  0.32091001 -0.51716000 -0.03301000  0.07592000  0.90969002 -0.81711000 -0.81711000 -0.08592000  0.04004000  0.04004000 -0.07969000  0.07833000  0.07833000 -0.11434000  0.06227000  0.06227000  0.10116000  0.11438000  0.11438000 -0.84309000  0.45238999  0.45238999  0.45238999
Ace Val Arg CLys  0.32238000 -0.50875998 -0.04046000  0.07668000  0.90728003 -0.81187999 -0.81187999 -0.08078000  0.04103000  0.04103000 -0.07848000  0.07813000  0.07813000 -0.11351000  0.06212000  0.06212000  0.09968000  0.11605000  0.11605000 -0.84197003  0.45482999  0.45482999  0.45482999
Ace Val Val CLys  0.32609999 -0.51432001 -0.02960000  0.07165000  0.91162998 -0.81629002 -0.81629002 -0.09127000  0.04129000  0.04129000 -0.07642000  0.07688000  0.07688000 -0.11364000  0.06147000  0.06147000  0.10224001  0.11395000  0.11395000 -0.84472000  0.45262000  0.45262000  0.45262000
Ace Val Asp CLys  0.33250001 -0.53356999 -0.00878000  0.06515000  0.90855998 -0.83424998 -0.83424998 -0.09368000  0.04301000  0.04301000 -0.08167000  0.07765000  0.07765000 -0.11371000  0.06195000  0.06195000  0.10344000  0.11078000  0.11078000 -0.84555000  0.44841999  0.44841999  0.44841999
Ace Val Asn CLys  0.33041000 -0.51133001 -0.03239000  0.07368000  0.91255999 -0.81568003 -0.81568003 -0.08895000  0.03837000  0.03837000 -0.07833000  0.07845000  0.07845000 -0.11242000  0.06034000  0.06034000  0.10208000  0.11461000  0.11461000 -0.84381002  0.45214000  0.45214000  0.45214000
Ace Val Ash CLys  0.33203000 -0.50919002 -0.03398000  0.07173000  0.91271001 -0.81382000 -0.81382000 -0.08854000  0.04046000  0.04046000 -0.07756000  0.07682000  0.07682000 -0.11242000  0.06166000  0.06166000  0.10139000  0.11410000  0.11410000 -0.84333003  0.45247001  0.45247001  0.45247001
Ace Val Lys CLys  0.32769000 -0.49930999 -0.04537000  0.07543000  0.91461003 -0.80326998 -0.80326998 -0.08352001  0.03366000  0.03366000 -0.07713000  0.07958000  0.07958000 -0.11117000  0.05731000  0.05731000  0.10005000  0.11833000  0.11833000 -0.84240002  0.45385000  0.45385000  0.45385000
Ace Val Cys CLys  0.32357999 -0.51656997 -0.03422000  0.07727000  0.91088003 -0.81469000 -0.81469000 -0.08776000  0.04166000  0.04166000 -0.07920000  0.07658000  0.07658000 -0.11262001  0.06217000  0.06217000  0.10084000  0.11430000  0.11430000 -0.84307999  0.45260000  0.45260000  0.45260000
Ace Val Hie CLys  0.32887000 -0.51612002 -0.03036000  0.07231000  0.91060001 -0.81794000 -0.81794000 -0.08911000  0.03999000  0.03999000 -0.07636000  0.07684000  0.07684000 -0.11344000  0.06138000  0.06138000  0.10185000  0.11384000  0.11384000 -0.84390998  0.45210001  0.45210001  0.45210001
Ace Val Gly CLys  0.32763001 -0.51978999 -0.02972000  0.07049000  0.91258001 -0.81726998 -0.81726998 -0.09062000  0.04073000  0.04073000 -0.07909000  0.07806000  0.07806000 -0.11271000  0.06135000  0.06135000  0.10246000  0.11402000  0.11402000 -0.84333003  0.45177999  0.45177999  0.45177999
Ace Val Met CLys  0.32741001 -0.51441002 -0.03424000  0.07519000  0.90833002 -0.81505001 -0.81505001 -0.08514000  0.04073000  0.04073000 -0.07735000  0.07706000  0.07706000 -0.11359000  0.06185000  0.06185000  0.10128000  0.11447000  0.11447000 -0.84319001  0.45245001  0.45245001  0.45245001
Ace Val Hid CLys  0.32881999 -0.51322001 -0.03330000  0.07325000  0.91141999 -0.81524002 -0.81524002 -0.08847000  0.03953000  0.03953000 -0.07860000  0.07825000  0.07825000 -0.11204000  0.06096000  0.06096000  0.10155000  0.11444000  0.11444000 -0.84381998  0.45249000  0.45249000  0.45249000
Ace Val Glu CLys  0.32923001 -0.53551000 -0.00834000  0.07363000  0.90855998 -0.84061002 -0.84061002 -0.08363000  0.04511000  0.04511000 -0.11262000  0.06725000  0.06725000 -0.11151000  0.07730000  0.07730000  0.10871000  0.09172000  0.09172000 -0.84252000  0.46237999  0.46237999  0.46237999
Ace Val Thr CLys  0.32143000 -0.52959001 -0.03013000  0.07589000  0.90880001 -0.82203001 -0.82203001 -0.08143000  0.03808000  0.03808000 -0.08608000  0.08204000  0.08204000 -0.11148000  0.06085000  0.06085000  0.10074000  0.11486000  0.11486000 -0.84351999  0.45188999  0.45188999  0.45188999
Ace Val Gln CLys  0.32637000 -0.51434999 -0.03396000  0.07464000  0.90924001 -0.81714999 -0.81714999 -0.08540000  0.04080000  0.04080000 -0.08118000  0.07873000  0.07873000 -0.11281000  0.06199000  0.06199000  0.10106001  0.11458000  0.11458000 -0.84346002  0.45207000  0.45207000  0.45207000
Ace Val Glh CLys  0.33008000 -0.51552999 -0.03721000  0.07583000  0.90906000 -0.81522000 -0.81522000 -0.08454000  0.04077000  0.04077000 -0.07887000  0.07786000  0.07786000 -0.11290000  0.06183000  0.06183000  0.10071000  0.11449000  0.11449000 -0.84338999  0.45256999  0.45256999  0.45256999
Ace Val Phe CLys  0.32749999 -0.51471001 -0.03175000  0.07270000  0.91046000 -0.81634003 -0.81634003 -0.08718000  0.03866000  0.03866000 -0.07552000  0.07743000  0.07743000 -0.11368000  0.06156000  0.06156000  0.10180000  0.11404000  0.11404000 -0.84406000  0.45236999  0.45236999  0.45236999
Ace Val Ser CLys  0.32381999 -0.52182001 -0.02879000  0.07271000  0.91022003 -0.81774002 -0.81774002 -0.09017001  0.04243000  0.04243000 -0.07655000  0.07614000  0.07614000 -0.11407000  0.06210000  0.06210000  0.10159000  0.11388000  0.11388000 -0.84368998  0.45214000  0.45214000  0.45214000
Ace Val Tyr CLys  0.32799000 -0.51335001 -0.03135000  0.07268000  0.91179001 -0.81683999 -0.81683999 -0.08790000  0.03863000  0.03863000 -0.07715000  0.07778000  0.07778000 -0.11289000  0.06138000  0.06138000  0.10023000  0.11417000  0.11417000 -0.84315997  0.45238999  0.45238999  0.45238999
Ace Val Trp CLys  0.32699999 -0.51383001 -0.03211000  0.07189000  0.91135001 -0.81633001 -0.81633001 -0.08954000  0.04082000  0.04082000 -0.07597000  0.07554000  0.07554000 -0.11352000  0.06208000  0.06208000  0.10150000  0.11363000  0.11363000 -0.84360999  0.45245001  0.45245001  0.45245001
Ace Val Lyn CLys  0.32396000 -0.51560998 -0.03354000  0.07436000  0.91013002 -0.81616998 -0.81616998 -0.08703000  0.04136000  0.04136000 -0.07768000  0.07659000  0.07659000 -0.11429000  0.06308000  0.06308000  0.10179000  0.11349000  0.11349000 -0.84385002  0.45267001  0.45267001  0.45267001
Ace Val Hip CLys  0.32815000 -0.50019998 -0.05135000  0.07982000  0.91872001 -0.80453998 -0.80453998 -0.08389000  0.03469000  0.03469000 -0.08107000  0.08144000  0.08144000 -0.11133000  0.05989000  0.05989000  0.09916000  0.11823000  0.11823000 -0.84144998  0.45526999  0.45526999  0.45526999
Ace Val Leu CLys  0.32708001 -0.51380003 -0.03046000  0.07107000  0.91194999 -0.81656998 -0.81656998 -0.09114000  0.04170000  0.04170000 -0.07706000  0.07624000  0.07624000 -0.11340000  0.06174000  0.06174000  0.10062000  0.11421000  0.11421000 -0.84305000  0.45240000  0.45240000  0.45240000
Ace Val Pro CLys  0.32119000 -0.52737999 -0.02905000  0.07595000  0.91102999 -0.81975001 -0.81975001 -0.08836000  0.03770000  0.03770000 -0.08028000  0.07935000  0.07935000 -0.11255000  0.06016000  0.06016000  0.10072000  0.11494000  0.11494000 -0.84336001  0.45192000  0.45192000  0.45192000
Ace Val Ile CLys  0.32585001 -0.51476997 -0.03101000  0.07211000  0.91061997 -0.81594998 -0.81594998 -0.08962000  0.04098000  0.04098000 -0.07499000  0.07562000  0.07562000 -0.11395000  0.06175000  0.06175000  0.10075000  0.11416000  0.11416000 -0.84274000  0.45241001  0.45241001  0.45241001
Ace Val Cyx CLys  0.33208999 -0.52160001 -0.02496000  0.07440000  0.90942001 -0.82933998 -0.82933998 -0.08206000  0.04687000  0.04687000 -0.11264000  0.06645000  0.06645000 -0.11475000  0.08174000  0.08174000  0.10907000  0.09567000  0.09567000 -0.84186000  0.46425000  0.46425000  0.46425000
