Ace Val Ile CPro  0.02018000  0.10291000  0.02018000 -0.42748001 -0.02874000  0.06334000  0.91690999 -0.82495999 -0.82495999 -0.07258000  0.04000000  0.04000000 -0.08517000  0.05108000  0.05108000
Ace Val Gln CPro  0.01757000  0.10610000  0.01757000 -0.42526001 -0.02980000  0.06738000  0.91579998 -0.82315999 -0.82315999 -0.07328000  0.04055000  0.04055000 -0.08440000  0.05186000  0.05186000
Ace Val Lys CPro  0.01536000  0.10581000  0.01536000 -0.41563999 -0.03797000  0.07285000  0.91905999 -0.82457000 -0.82457000 -0.07207000  0.05007000  0.05007000 -0.08084000  0.04763000  0.04763000
Ace Val Phe CPro  0.02330000  0.10146000  0.02330000 -0.41808000 -0.02952000  0.06378000  0.91614002 -0.82331002 -0.82331002 -0.07352000  0.04009000  0.04009000 -0.08550000  0.05309000  0.05309000
Ace Val Ser CPro  0.02235000  0.10329000  0.02235000 -0.42344001 -0.02997000  0.06469000  0.91615999 -0.82327998 -0.82327998 -0.07337000  0.03946000  0.03946000 -0.08473000  0.05162000  0.05162000
Ace Val Hip CPro  0.00578000  0.10825000  0.00578000 -0.41010999 -0.04672000  0.07125000  0.91842997 -0.80619001 -0.80619001 -0.07176000  0.04860000  0.04860000 -0.08233000  0.06009000  0.06009000
Ace Val Met CPro  0.01997000  0.10423000  0.01997000 -0.42634001 -0.03087000  0.06281000  0.91838002 -0.82358998 -0.82358998 -0.07266000  0.04066000  0.04066000 -0.08505000  0.05119000  0.05119000
Ace Val Gly CPro  0.01799000  0.10594000  0.01799000 -0.42682999 -0.02832000  0.06467000  0.91758001 -0.82464999 -0.82464999 -0.07287000  0.04043000  0.04043000 -0.08330000  0.04942000  0.04942000
Ace Val Cyx CPro  0.02350000  0.10479000  0.02350000 -0.41991001 -0.03266000  0.06748000  0.91823000 -0.82757998 -0.82757998 -0.07083000  0.04196000  0.04196000 -0.08217000  0.04576000  0.04576000
Ace Val Glh CPro  0.01891000  0.10411000  0.01891000 -0.42500999 -0.03041000  0.06452000  0.91709000 -0.82336998 -0.82336998 -0.07269000  0.04078000  0.04078000 -0.08439000  0.05212000  0.05212000
Ace Val Thr CPro  0.02281000  0.10271000  0.02281000 -0.42552999 -0.02929000  0.06334000  0.91777998 -0.82327002 -0.82327002 -0.07432000  0.04082000  0.04082000 -0.08483000  0.04889000  0.04889000
Ace Val Arg CPro  0.01384000  0.10753000  0.01384000 -0.41576001 -0.03738000  0.07457000  0.91995001 -0.82564998 -0.82564998 -0.07103000  0.04953000  0.04953000 -0.08049000  0.04675000  0.04675000
Ace Val Trp CPro  0.02229000  0.10319000  0.02229000 -0.42368001 -0.02960000  0.06231000  0.91688001 -0.82301003 -0.82301003 -0.07433000  0.04096000  0.04096000 -0.08577000  0.05019000  0.05019000
Ace Val Asn CPro  0.02551000  0.10207000  0.02551000 -0.42278999 -0.02989000  0.06680000  0.91764999 -0.82862997 -0.82862997 -0.07174000  0.04150000  0.04150000 -0.08198000  0.04626000  0.04626000
Ace Val Hid CPro  0.02283000  0.10171000  0.02283000 -0.41578999 -0.03186000  0.06524000  0.91591001 -0.82211000 -0.82211000 -0.07352000  0.04143000  0.04143000 -0.08381000  0.05250000  0.05250000
Ace Val Tyr CPro  0.02309000  0.10235000  0.02309000 -0.41949001 -0.03016000  0.06453000  0.91586000 -0.82388997 -0.82388997 -0.07367000  0.04046000  0.04046000 -0.08434000  0.05237000  0.05237000
Ace Val Val CPro  0.02224000  0.10320000  0.02224000 -0.42528999 -0.02983000  0.06265000  0.91709000 -0.82349002 -0.82349002 -0.07586000  0.04413000  0.04413000 -0.08616000  0.04670000  0.04670000
Ace Val Cys CPro  0.02356000  0.10261000  0.02356000 -0.42388001 -0.03112000  0.06491000  0.91812003 -0.82479000 -0.82479000 -0.07211000  0.04087000  0.04087000 -0.08296000  0.04877000  0.04877000
Ace Val Asp CPro  0.04046000  0.09605000  0.04046000 -0.43781999 -0.01228000  0.05057000  0.91671997 -0.83932000 -0.83932000 -0.07661000  0.03173000  0.03173000 -0.08534000  0.03741000  0.03741000
Ace Val Leu CPro  0.02250000  0.10241000  0.02250000 -0.42636001 -0.02885000  0.06224000  0.91728997 -0.82326001 -0.82326001 -0.07583000  0.04381000  0.04381000 -0.08607000  0.04653000  0.04653000
Ace Val Ash CPro  0.02330000  0.10222000  0.02330000 -0.42179999 -0.03137000  0.06766000  0.91816997 -0.82643998 -0.82643998 -0.07212000  0.04241000  0.04241000 -0.08087000  0.04731000  0.04731000
Ace Val Pro CPro  0.01524000  0.10961000  0.01524000 -0.43594000 -0.02395000  0.06942000  0.91544998 -0.83170998 -0.83170998 -0.07150000  0.04011000  0.04011000 -0.08163000  0.04172000  0.04172000
Ace Val Lyn CPro  0.01914000  0.10546001  0.01914000 -0.42515999 -0.03029000  0.06534000  0.91634000 -0.82318002 -0.82318002 -0.07366000  0.03984000  0.03984000 -0.08541000  0.05305000  0.05305000
Ace Val Glu CPro  0.02895000  0.10196000  0.02895000 -0.43751001 -0.01796000  0.05403000  0.91850001 -0.83315998 -0.83315998 -0.07430000  0.03098000  0.03098000 -0.08564000  0.04430000  0.04430000
Ace Val Hie CPro  0.02220000  0.10429000  0.02220000 -0.42298999 -0.02864000  0.06589000  0.91532999 -0.82503003 -0.82503003 -0.07339000  0.03874000  0.03874000 -0.08476000  0.05040000  0.05040000
Ace Val Ala CPro  0.01866000  0.10514000  0.01866000 -0.42767998 -0.03051000  0.06324000  0.91869998 -0.82459003 -0.82459003 -0.07230000  0.04030000  0.04030000 -0.08375000  0.04898000  0.04898000
