Ace Val Glh CThr  0.37439999 -0.58959001  0.13707000  0.06357000 -0.12743001  0.02977000  0.02977000  0.02977000 -0.05049000  0.07667000  0.92601001 -0.82517999 -0.82517999 -0.48752001  0.32427001
Ace Val Ile CThr  0.37457001 -0.58253002  0.14121000  0.03324000 -0.12339000  0.03462000  0.03462000  0.03462000 -0.04200000  0.06980000  0.92087001 -0.82108998 -0.82108998 -0.50274998  0.33335000
Ace Val Cyx CThr  0.38029999 -0.59455001  0.13748001  0.06133000 -0.12379000  0.03167000  0.03167000  0.03167000 -0.05117000  0.07742001  0.92645002 -0.82962000 -0.82962000 -0.49037999  0.32271001
Ace Val Cys CThr  0.37762001 -0.58710003  0.14187001  0.04366000 -0.11827000  0.03345000  0.03345000  0.03345000 -0.05300000  0.07333000  0.92335999 -0.82299000 -0.82299000 -0.49708000  0.32885000
Ace Val Lyn CThr  0.37305999 -0.58401001  0.14009000  0.05358000 -0.12740000  0.03031000  0.03031000  0.03031000 -0.04812000  0.07605000  0.92325002 -0.82481003 -0.82481003 -0.49081999  0.32738000
Ace Val Ala CThr  0.37470001 -0.58581001  0.14005999  0.04735000 -0.12205000  0.03219000  0.03219000  0.03219000 -0.05001000  0.07519000  0.92149001 -0.82414001 -0.82414001 -0.49395001  0.32901001
Ace Val Ash CThr  0.37434000 -0.58731001  0.13587999  0.06727000 -0.12658000  0.02786000  0.02786000  0.02786000 -0.05391000  0.07246000  0.92615998 -0.82222998 -0.82222998 -0.48653999  0.33487001
Ace Val Asp CThr  0.36520001 -0.58085001  0.13592000  0.03401000 -0.12194000  0.03202000  0.03202000  0.03202000 -0.02368000  0.06412000  0.91721999 -0.83780998 -0.83780998 -0.51946998  0.33364001
Ace Val Asn CThr  0.37239000 -0.57729000  0.14122000  0.03483000 -0.12109000  0.03187000  0.03187000  0.03187000 -0.04791000  0.06906000  0.92133999 -0.81825000 -0.81825000 -0.50013000  0.34039000
Ace Val Pro CThr  0.37290999 -0.58336997  0.14225000  0.02088000 -0.12212000  0.03630000  0.03630000  0.03630000 -0.03519000  0.07140000  0.91902000 -0.82255000 -0.82255000 -0.52113002  0.33006999
Ace Val Leu CThr  0.37402999 -0.58726001  0.13909000  0.04132000 -0.12141000  0.03331000  0.03331000  0.03331000 -0.04674000  0.07294000  0.92133999 -0.82253998 -0.82253998 -0.49888000  0.33072001
Ace Val Gly CThr  0.37395999 -0.59025002  0.13563000  0.06830000 -0.12673999  0.02890000  0.02890000  0.02890000 -0.05026000  0.07483000  0.92623001 -0.82665998 -0.82665998 -0.48734000  0.32798999
Ace Val Arg CThr  0.38122001 -0.59310001  0.13908000  0.06492000 -0.12955000  0.03292000  0.03292000  0.03292000 -0.05324000  0.08141000  0.92659998 -0.82490999 -0.82490999 -0.47964001  0.32321000
Ace Val Val CThr  0.37423000 -0.57773000  0.14622000  0.02027000 -0.11666000  0.03597000  0.03597000  0.03597000 -0.04457000  0.06659000  0.91702002 -0.81936002 -0.81936002 -0.50927001  0.33397001
Ace Val Gln CThr  0.37277999 -0.58658999  0.13646000  0.05883000 -0.12806000  0.03043000  0.03043000  0.03043000 -0.04898000  0.07750000  0.92544001 -0.82520002 -0.82520002 -0.48870999  0.32793000
Ace Val Trp CThr  0.37351000 -0.58032000  0.14087000  0.04517000 -0.12204000  0.03052000  0.03052000  0.03052000 -0.05020000  0.07042000  0.92158002 -0.82182002 -0.82182002 -0.49664000  0.33340001
Ace Val Hid CThr  0.37410000 -0.58736998  0.13706000  0.06436000 -0.12691000  0.02839000  0.02839000  0.02839000 -0.05311000  0.07379000  0.92528999 -0.82264000 -0.82264000 -0.48963001  0.33192000
Ace Val Glu CThr  0.36776999 -0.58591997  0.13733000  0.05013000 -0.12213000  0.02871000  0.02871000  0.02871000 -0.03775000  0.06743000  0.91895998 -0.83126002 -0.83126002 -0.50441003  0.32984001
Ace Val Lys CThr  0.37794000 -0.57720000  0.14337000  0.04954000 -0.12187000  0.02650000  0.02650000  0.02650000 -0.06567000  0.07310000  0.92729002 -0.80922002 -0.80922002 -0.48515001  0.34075001
Ace Val Thr CThr  0.37393001 -0.58683997  0.14072000  0.05682000 -0.12747000  0.03107000  0.03107000  0.03107000 -0.04635000  0.07384000  0.92591000 -0.82888001 -0.82888001 -0.49469000  0.32602999
Ace Val Hie CThr  0.37242001 -0.58607000  0.13726000  0.05810000 -0.12758000  0.02886000  0.02886000  0.02886000 -0.04657000  0.07515999  0.92157000 -0.82429999 -0.82429999 -0.49287999  0.33135000
Ace Val Hip CThr  0.37843999 -0.58819002  0.13694000  0.07157000 -0.12525999  0.02733000  0.02733000  0.02733000 -0.07391000  0.08042000  0.92992997 -0.80769002 -0.80769002 -0.47889000  0.33938000
Ace Val Ser CThr  0.37239000 -0.58820999  0.13602000  0.06128000 -0.12662999  0.02872000  0.02872000  0.02872000 -0.04664000  0.07619000  0.92386001 -0.82516998 -0.82516998 -0.49722001  0.32764000
Ace Val Phe CThr  0.37290001 -0.57615000  0.14235000  0.03610000 -0.12191000  0.03159000  0.03159000  0.03159000 -0.04903000  0.07046000  0.92101997 -0.81984001 -0.81984001 -0.49976999  0.33607000
Ace Val Met CThr  0.37419999 -0.57802999  0.14156000  0.04018000 -0.12283000  0.03199000  0.03199000  0.03199000 -0.05097000  0.07541000  0.92089999 -0.82065999 -0.82065999 -0.49555001  0.33168000
Ace Val Tyr CThr  0.37132001 -0.57762998  0.14305000  0.04411000 -0.12545000  0.03070000  0.03070000  0.03070000 -0.04771000  0.06943000  0.92093998 -0.82138002 -0.82138002 -0.49507999  0.33368000
