Ace Val Trp CTyr  0.40520001 -0.51718002  0.09731000 -0.19075000  0.12690000 -0.08738000  0.15245000 -0.07754000 -0.04310000  0.04591000  0.04591000 -0.03449000  0.07445000  0.90977001 -0.82147002 -0.82147002 -0.51103997  0.32291001 -0.08738000  0.15245000 -0.19075000  0.12690000
Ace Val Hip CTyr  0.41069999 -0.50962001  0.11052000 -0.18832999  0.13322000 -0.08383000  0.14625999 -0.09223000 -0.03615000  0.04352000  0.04352000 -0.04548000  0.08132000  0.91346997 -0.81389999 -0.81389999 -0.49623001  0.32223001 -0.08383000  0.14625999 -0.18832999  0.13322000
Ace Val Ile CTyr  0.40468001 -0.51675999  0.09803000 -0.19136999  0.12730999 -0.08647000  0.15368000 -0.07915000 -0.04087000  0.04347000  0.04347000 -0.03480000  0.07805000  0.90977001 -0.82244003 -0.82244003 -0.51528001  0.32198000 -0.08647000  0.15368000 -0.19136999  0.12730999
Ace Val Asn CTyr  0.40528000 -0.51704001  0.09753000 -0.19112000  0.12703000 -0.08703000  0.15314000 -0.07882999 -0.04494000  0.04749000  0.04749000 -0.03473000  0.07210000  0.91165000 -0.82068002 -0.82068002 -0.50907999  0.32624001 -0.08703000  0.15314000 -0.19112000  0.12703000
Ace Val Tyr CTyr  0.40529999 -0.51686001  0.09777000 -0.19074000  0.12706000 -0.08744000  0.15261001 -0.07816000 -0.04287000  0.04588000  0.04588000 -0.03435000  0.07483001  0.90968001 -0.82146001 -0.82146001 -0.51152003  0.32232002 -0.08744000  0.15261001 -0.19074000  0.12706000
Ace Val Glh CTyr  0.40496000 -0.51661998  0.09843000 -0.19137000  0.12691000 -0.08641000  0.15452000 -0.07928000 -0.04199000  0.04670000  0.04670000 -0.03480000  0.06900000  0.91121000 -0.81818998 -0.81818998 -0.50585997  0.32576999 -0.08641000  0.15452000 -0.19137000  0.12691000
Ace Val Asp CTyr  0.39928001 -0.52616000  0.08348000 -0.19366000  0.11913000 -0.09077000  0.16023000 -0.06064000 -0.05186000  0.05025000  0.05025000 -0.01382000  0.06265000  0.90802998 -0.83486002 -0.83486002 -0.52810001  0.32641000 -0.09077000  0.16023000 -0.19366000  0.11913000
Ace Val Phe CTyr  0.40505999 -0.51655000  0.09845000 -0.19122000  0.12706000 -0.08667000  0.15322000 -0.07913000 -0.04122000  0.04453000  0.04453000 -0.03397000  0.07422000  0.91062999 -0.82142001 -0.82142001 -0.51235998  0.32300001 -0.08667000  0.15322000 -0.19122000  0.12706000
Ace Val Lys CTyr  0.40937000 -0.51222003  0.10689000 -0.18957000  0.13129000 -0.08485000  0.15047000 -0.08954000 -0.03776000  0.04285000  0.04285000 -0.04202000  0.07623000  0.91408998 -0.81717002 -0.81717002 -0.49996001  0.32539999 -0.08485000  0.15047000 -0.18957000  0.13129000
Ace Val Hid CTyr  0.40498999 -0.51642001  0.09787000 -0.19112000  0.12717000 -0.08715000  0.15324999 -0.07873000 -0.04394000  0.04707000  0.04707000 -0.03499000  0.07189000  0.91114998 -0.81913000 -0.81913000 -0.50795001  0.32523999 -0.08715000  0.15324999 -0.19112000  0.12717000
Ace Val Val CTyr  0.40465999 -0.51655001  0.09807000 -0.19131000  0.12724000 -0.08655000  0.15350000 -0.07929000 -0.04017000  0.04358000  0.04358000 -0.03409000  0.07665000  0.90903002 -0.82225001 -0.82225001 -0.51457000  0.32282999 -0.08655000  0.15350000 -0.19131000  0.12724000
Ace Val Ala CTyr  0.40476999 -0.51677001  0.09730000 -0.19119000  0.12696999 -0.08688000  0.15336999 -0.07810000 -0.04529000  0.04676000  0.04676000 -0.03280000  0.07121000  0.91172999 -0.82029998 -0.82029998 -0.50936002  0.32499999 -0.08688000  0.15336999 -0.19119000  0.12696999
Ace Val Ser CTyr  0.40491000 -0.51762998  0.09681000 -0.19106000  0.12636000 -0.08759000  0.15482000 -0.07782000 -0.04339000  0.04648000  0.04648000 -0.02941000  0.07015001  0.91030997 -0.82191002 -0.82191002 -0.51652002  0.32327000 -0.08759000  0.15482000 -0.19106000  0.12636000
Ace Val Gly CTyr  0.40491000 -0.51762998  0.09782000 -0.19151001  0.12654000 -0.08654000  0.15543000 -0.07842000 -0.04074000  0.04392000  0.04392000 -0.03193000  0.07062000  0.91176999 -0.82077998 -0.82077998 -0.51112998  0.32427001 -0.08654000  0.15543000 -0.19151001  0.12654000
Ace Val Gln CTyr  0.40485001 -0.51718002  0.09684000 -0.19074000  0.12683000 -0.08669000  0.15293001 -0.07722000 -0.04565000  0.04803000  0.04803000 -0.03381000  0.07125000  0.91171998 -0.82037002 -0.82037002 -0.50760001  0.32620999 -0.08669000  0.15293001 -0.19074000  0.12683000
Ace Val Met CTyr  0.40551001 -0.51725000  0.09812000 -0.19113000  0.12701000 -0.08670000  0.15323000 -0.07832000 -0.04442000  0.04725000  0.04725000 -0.03371000  0.06957000  0.91166001 -0.81860000 -0.81860000 -0.50528002  0.32627001 -0.08670000  0.15323000 -0.19113000  0.12701000
Ace Val Glu CTyr  0.39923000 -0.52601999  0.08520000 -0.19363000  0.11993000 -0.08809000  0.16055000 -0.06280000 -0.05491000  0.05445000  0.05445000 -0.01819000  0.06466000  0.90982002 -0.83394998 -0.83394998 -0.52015001  0.32181999 -0.08809000  0.16055000 -0.19363000  0.11993000
Ace Val Leu CTyr  0.40507999 -0.51727003  0.09785000 -0.19130000  0.12703000 -0.08658000  0.15364000 -0.07902000 -0.04107000  0.04391000  0.04391000 -0.03373000  0.07567000  0.90989000 -0.82261002 -0.82261002 -0.51510000  0.32137001 -0.08658000  0.15364000 -0.19130000  0.12703000
Ace Val Arg CTyr  0.40957001 -0.51155001  0.10653000 -0.18964000  0.13118000 -0.08577000  0.14974999 -0.08957000 -0.03797000  0.04094000  0.04094000 -0.04251000  0.07529000  0.91275000 -0.81234002 -0.81234002 -0.49722999  0.32780000 -0.08577000  0.14974999 -0.18964000  0.13118000
Ace Val Thr CTyr  0.40448001 -0.51749003  0.09652000 -0.19155000  0.12661000 -0.08701000  0.15515999 -0.07779000 -0.04463000  0.04489000  0.04489000 -0.03153000  0.07156000  0.91197002 -0.82176000 -0.82176000 -0.51289999  0.32416001 -0.08701000  0.15515999 -0.19155000  0.12661000
Ace Val Ash CTyr  0.40520999 -0.51691002  0.09749000 -0.19086000  0.12709001 -0.08706000  0.15295000 -0.07854000 -0.04594000  0.04817000  0.04817000 -0.03585000  0.07284000  0.91224003 -0.81963998 -0.81963998 -0.50771999  0.32462999 -0.08706000  0.15295000 -0.19086000  0.12709001
Ace Val Hie CTyr  0.40479001 -0.51797998  0.09757000 -0.19200000  0.12617999 -0.08674000  0.15567000 -0.07826000 -0.04080000  0.04369000  0.04369000 -0.03158000  0.07137000  0.91113001 -0.82242000 -0.82242000 -0.51279998  0.32361999 -0.08674000  0.15567000 -0.19200000  0.12617999
Ace Val Lyn CTyr  0.40511000 -0.51618999  0.09772000 -0.19086000  0.12733000 -0.08748000  0.15214001 -0.07814000 -0.04425000  0.04632000  0.04632000 -0.03436000  0.07249000  0.91119999 -0.81944001 -0.81944001 -0.50880998  0.32677001 -0.08748000  0.15214001 -0.19086000  0.12733000
Ace Val Pro CTyr  0.40494001 -0.51796001  0.09624000 -0.19113000  0.12662000 -0.08750000  0.15208000 -0.07536000 -0.04553000  0.04766000  0.04766000 -0.02982000  0.07778000  0.90584999 -0.82606000 -0.82606000 -0.52920002  0.31459001 -0.08750000  0.15208000 -0.19113000  0.12662000
Ace Val Cys CTyr  0.40527001 -0.51713997  0.09801000 -0.19144000  0.12689000 -0.08677000  0.15425999 -0.07883000 -0.04373000  0.04609000  0.04609000 -0.03222000  0.07553000  0.91052997 -0.82146001 -0.82146001 -0.51284999  0.32200000 -0.08677000  0.15425999 -0.19144000  0.12689000
Ace Val Cyx CTyr  0.40558001 -0.51756001  0.09867000 -0.19135000  0.12683000 -0.08691000  0.15580000 -0.08032000 -0.04329000  0.04539000  0.04539000 -0.03344000  0.06884000  0.91101003 -0.81930000 -0.81930000 -0.50595999  0.32776999 -0.08691000  0.15580000 -0.19135000  0.12683000
