Ace Val Gly CVal  0.31294999 -0.49489000 -0.03407000  0.07134000  0.91306001 -0.82717001 -0.82717001 -0.07290000  0.07384000 -0.08398000  0.02416000  0.02416000  0.02416000 -0.08398000  0.02416000  0.02416000  0.02416000
Ace Val Ash CVal  0.32278001 -0.49303001 -0.03372000  0.06792000  0.91509002 -0.82687998 -0.82687998 -0.06716000  0.05455000 -0.08699000  0.02819000  0.02819000  0.02819000 -0.08699000  0.02819000  0.02819000  0.02819000
Ace Val Hie CVal  0.32512999 -0.50042999 -0.03077000  0.06879000  0.91408002 -0.82843000 -0.82843000 -0.06483000  0.04212000 -0.08722000  0.02875000  0.02875000  0.02875000 -0.08722000  0.02875000  0.02875000  0.02875000
Ace Val Hip CVal  0.31674001 -0.48195001 -0.04767000  0.07465000  0.91816998 -0.82163000 -0.82163000 -0.06538000  0.06176000 -0.08850000  0.03075000  0.03075000  0.03075000 -0.08850000  0.03075000  0.03075000  0.03075000
Ace Val Arg CVal  0.32109001 -0.48541000 -0.04477000  0.07287000  0.92101002 -0.81756997 -0.81756997 -0.07174000  0.05986000 -0.08458000  0.02675000  0.02675000  0.02675000 -0.08458000  0.02675000  0.02675000  0.02675000
Ace Val Tyr CVal  0.32205000 -0.49691001 -0.03081000  0.06666000  0.91377997 -0.82889998 -0.82889998 -0.06618000  0.05248000 -0.08631000  0.02783000  0.02783000  0.02783000 -0.08631000  0.02783000  0.02783000  0.02783000
Ace Val Glu CVal  0.32190999 -0.50542003 -0.01783000  0.06110000  0.91174000 -0.84107000 -0.84107000 -0.07200000  0.05632000 -0.08671000  0.02734000  0.02734000  0.02734000 -0.08671000  0.02734000  0.02734000  0.02734000
Ace Val Lyn CVal  0.32210001 -0.49691999 -0.03088000  0.06935000  0.91614997 -0.82631999 -0.82631999 -0.06881000  0.04741000 -0.08632000  0.02806000  0.02806000  0.02806000 -0.08632000  0.02806000  0.02806000  0.02806000
Ace Val Val CVal  0.31995001 -0.50019998 -0.03075000  0.06895000  0.91433000 -0.82780999 -0.82780999 -0.06536000  0.04630000 -0.08642000  0.02834000  0.02834000  0.02834000 -0.08642000  0.02834000  0.02834000  0.02834000
Ace Val Ser CVal  0.31448001 -0.49704999 -0.03431000  0.06784000  0.91319001 -0.82883001 -0.82883001 -0.07157000  0.07830000 -0.08371000  0.02402000  0.02402000  0.02402000 -0.08371000  0.02402000  0.02402000  0.02402000
Ace Val Cyx CVal  0.31165001 -0.49026999 -0.04163000  0.07544000  0.91336000 -0.82385999 -0.82385999 -0.08076000  0.09108000 -0.08261000  0.02140000  0.02140000  0.02140000 -0.08261000  0.02140000  0.02140000  0.02140000
Ace Val Hid CVal  0.32392001 -0.50028002 -0.03118000  0.06837000  0.91444999 -0.82806998 -0.82806998 -0.06305000  0.03551000 -0.08822000  0.03074000  0.03074000  0.03074000 -0.08822000  0.03074000  0.03074000  0.03074000
Ace Val Phe CVal  0.32306999 -0.49941999 -0.03097000  0.06870000  0.91411001 -0.82811999 -0.82811999 -0.06404000  0.03986000 -0.08775000  0.02967000  0.02967000  0.02967000 -0.08775000  0.02967000  0.02967000  0.02967000
Ace Val Glh CVal  0.32547000 -0.49607000 -0.03328000  0.06911000  0.91706002 -0.82528001 -0.82528001 -0.06870000  0.04366000 -0.08620000  0.02917000  0.02917000  0.02917000 -0.08620000  0.02917000  0.02917000  0.02917000
Ace Val Met CVal  0.32422000 -0.49876002 -0.02966000  0.07067000  0.91838002 -0.82541001 -0.82541001 -0.06500000  0.02185000 -0.08955000  0.03244000  0.03244000  0.03244000 -0.08955000  0.03244000  0.03244000  0.03244000
Ace Val Thr CVal  0.31345001 -0.50385999 -0.03218000  0.07233000  0.91452998 -0.82788002 -0.82788002 -0.07433000  0.06743000 -0.08442000  0.02481000  0.02481000  0.02481000 -0.08442000  0.02481000  0.02481000  0.02481000
Ace Val Ala CVal  0.32001000 -0.49517000 -0.03117000  0.06883000  0.91597003 -0.82679999 -0.82679999 -0.07015000  0.05533000 -0.08503000  0.02685000  0.02685000  0.02685000 -0.08503000  0.02685000  0.02685000  0.02685000
Ace Val Gln CVal  0.32543999 -0.49621999 -0.03330000  0.06869000  0.91778999 -0.82661998 -0.82661998 -0.06718000  0.03705000 -0.08782000  0.03057000  0.03057000  0.03057000 -0.08782000  0.03057000  0.03057000  0.03057000
Ace Val Lys CVal  0.31907001 -0.48188001 -0.03979000  0.06906000  0.91558999 -0.82459998 -0.82459998 -0.06867000  0.06863000 -0.08679000  0.02835000  0.02835000  0.02835000 -0.08679000  0.02835000  0.02835000  0.02835000
Ace Val Trp CVal  0.32078999 -0.49957001 -0.03137000  0.06883000  0.91381002 -0.82955003 -0.82955003 -0.06582000  0.04907000 -0.08675000  0.02816000  0.02816000  0.02816000 -0.08675000  0.02816000  0.02816000  0.02816000
Ace Val Asp CVal  0.32470000 -0.52045000 -0.01401000  0.06077000  0.91176998 -0.84188998 -0.84188998 -0.06954000  0.04672000 -0.08555001  0.02505000  0.02505000  0.02505000 -0.08555001  0.02505000  0.02505000  0.02505000
Ace Val Pro CVal  0.31854999 -0.51525003 -0.02457000  0.06199000  0.91368002 -0.83064997 -0.83064997 -0.06563000  0.04591000 -0.08766000  0.02911000  0.02911000  0.02911000 -0.08766000  0.02911000  0.02911000  0.02911000
Ace Val Asn CVal  0.32475001 -0.49621001 -0.02993000  0.06468000  0.91400999 -0.82884002 -0.82884002 -0.06619000  0.05196000 -0.08708000  0.02858000  0.02858000  0.02858000 -0.08708000  0.02858000  0.02858000  0.02858000
Ace Val Ile CVal  0.32117000 -0.50117999 -0.03196000  0.07014000  0.91368997 -0.82793999 -0.82793999 -0.06522000  0.04567000 -0.08675000  0.02847000  0.02847000  0.02847000 -0.08675000  0.02847000  0.02847000  0.02847000
Ace Val Cys CVal  0.32110000 -0.49704000 -0.03031000  0.06870000  0.91706002 -0.82687002 -0.82687002 -0.06836000  0.04967000 -0.08701000  0.02885000  0.02885000  0.02885000 -0.08701000  0.02885000  0.02885000  0.02885000
Ace Val Leu CVal  0.31929001 -0.50064999 -0.03079000  0.07087000  0.91403001 -0.82837999 -0.82837999 -0.06669000  0.04853000 -0.08653000  0.02791000  0.02791000  0.02791000 -0.08653000  0.02791000  0.02791000  0.02791000
