N0Ala Gly Val Nme  0.36763999 -0.91610998  0.12184000  0.02049000  0.65056002 -0.58405000 -0.09559000  0.04959000  0.04959000  0.04959000  0.36763999
N0Ala Val Val Nme  0.36855000 -0.91570997  0.11954000  0.02431000  0.66014999 -0.59689998 -0.09405999  0.04730000  0.04730000  0.04730000  0.36855000
N0Ala Leu Val Nme  0.36623001 -0.91169000  0.11882000  0.02072000  0.65872997 -0.58901000 -0.09423000  0.04870000  0.04870000  0.04870000  0.36623001
N0Ala Hip Val Nme  0.37498000 -0.90647000  0.12880001  0.02697000  0.63942999 -0.55391001 -0.09348000  0.04864000  0.04864000  0.04864000  0.37498000
N0Ala Pro Val Nme  0.35692999 -0.89938002  0.12141000  0.01566000  0.66806001 -0.56713003 -0.09305000  0.05184000  0.05184000  0.05184000  0.35692999
N0Ala Hid Val Nme  0.36735001 -0.91064000  0.12109000  0.02067000  0.65702999 -0.58016002 -0.09286000  0.04850000  0.04850000  0.04850000  0.36735001
N0Ala Hie Val Nme  0.36691999 -0.91421002  0.11858000  0.02312000  0.66250002 -0.59569001 -0.09188000  0.04707000  0.04707000  0.04707000  0.36691999
N0Ala Asp Val Nme  0.35595000 -0.91109997  0.11203000  0.01268000  0.66661000 -0.62647003 -0.09619999  0.04818000  0.04818000  0.04818000  0.35595000
N0Ala Tyr Val Nme  0.36743998 -0.91346002  0.12033000  0.02020000  0.65771002 -0.58201998 -0.09202000  0.04783000  0.04783000  0.04783000  0.36743998
N0Ala Glh Val Nme  0.36396000 -0.90722001  0.11898000  0.01707000  0.65204000 -0.57044000 -0.09650000  0.05212000  0.05212000  0.05212000  0.36396000
N0Ala Ash Val Nme  0.36524001 -0.90884000  0.12160000  0.01720000  0.65271997 -0.56503999 -0.09234000  0.05075000  0.05075000  0.05075000  0.36524001
N0Ala Trp Val Nme  0.36491999 -0.90982002  0.11898000  0.01912000  0.66021001 -0.59073001 -0.09288000  0.04873000  0.04873000  0.04873000  0.36491999
N0Ala Ala Val Nme  0.36363000 -0.90911001  0.11852000  0.01690000  0.65555000 -0.58241999 -0.09544000  0.05031000  0.05031000  0.05031000  0.36363000
N0Ala Thr Val Nme  0.36324999 -0.90872997  0.11972000  0.01764000  0.65341002 -0.58336002 -0.09553001  0.05146000  0.05146000  0.05146000  0.36324999
N0Ala Lys Val Nme  0.37237999 -0.90965003  0.12410000  0.02581000  0.64921999 -0.57445001 -0.09320000  0.04679000  0.04679000  0.04679000  0.37237999
N0Ala Arg Val Nme  0.36956999 -0.90750003  0.12439000  0.01637000  0.64047998 -0.56290001 -0.09868000  0.05497000  0.05497000  0.05497000  0.36956999
N0Ala Phe Val Nme  0.36768001 -0.91321999  0.12050000  0.02081000  0.66101998 -0.58502001 -0.09233000  0.04754000  0.04754000  0.04754000  0.36768001
N0Ala Met Val Nme  0.36625001 -0.91325998  0.12182000  0.01651000  0.65592998 -0.58087999 -0.09611000  0.05057000  0.05057000  0.05057000  0.36625001
N0Ala Cyx Val Nme  0.36318001 -0.90513998  0.11998000  0.01791000  0.65204000 -0.56222999 -0.09758000  0.05204000  0.05204000  0.05204000  0.36318001
N0Ala Asn Val Nme  0.36491001 -0.90943003  0.12077000  0.01532000  0.66114002 -0.57069999 -0.09220000  0.04977000  0.04977000  0.04977000  0.36491001
N0Ala Glu Val Nme  0.36125999 -0.91371000  0.11159000  0.02085000  0.66004997 -0.59552998 -0.09348000  0.04458000  0.04458000  0.04458000  0.36125999
N0Ala Lyn Val Nme  0.36686999 -0.91505998  0.12073000  0.01820000  0.65403003 -0.58178997 -0.09623000  0.05045000  0.05045000  0.05045000  0.36686999
N0Ala Cys Val Nme  0.36392999 -0.90907001  0.12042000  0.01959000  0.65619999 -0.58372003 -0.09594000  0.05167000  0.05167000  0.05167000  0.36392999
N0Ala Ile Val Nme  0.36801001 -0.91474998  0.11862000  0.02347000  0.65920001 -0.59380001 -0.09464000  0.04773000  0.04773000  0.04773000  0.36801001
N0Ala Gln Val Nme  0.36376000 -0.90832001  0.11869000  0.01849000  0.65083999 -0.58095997 -0.09663000  0.05177000  0.05177000  0.05177000  0.36376000
N0Ala Ser Val Nme  0.36585999 -0.91058999  0.11956000  0.02232000  0.65982997 -0.58894998 -0.09503000  0.04885000  0.04885000  0.04885000  0.36585999
