N0Arg Val Val Nme  0.32728002 -0.50717997  0.32728002  0.52446997 -0.39895999  0.32477999  0.01821000  0.06810000  0.06810000 -0.09242000  0.07075000  0.07075000 -0.11860000  0.06357000  0.06357000  0.11124000  0.07167000  0.65824002 -0.62264001 -0.90311003  0.36892000 -0.50717997  0.32728002  0.32728002  0.36892000
N0Arg Phe Val Nme  0.32734999 -0.50725001  0.32734999  0.52344000 -0.39873999  0.32425001  0.01863000  0.06861000  0.06861000 -0.09491000  0.07624000  0.07624000 -0.11744000  0.05933000  0.05933000  0.10817000  0.07174000  0.65785998 -0.61669999 -0.90353000  0.36849001 -0.50725001  0.32734999  0.32734999  0.36849001
N0Arg Glu Val Nme  0.32422999 -0.51286000  0.32422999  0.51821000 -0.38894001  0.32477000  0.01856000  0.06800001  0.06800001 -0.10199000  0.09218000  0.09218000 -0.11521000  0.04649000  0.04649000  0.10201000  0.06837000  0.65656001 -0.64212000 -0.89613998  0.36403999 -0.51286000  0.32422999  0.32422999  0.36403999
N0Arg Thr Val Nme  0.32692999 -0.50744998  0.32692999  0.52217001 -0.39875999  0.32229000  0.01978000  0.07014000  0.07014000 -0.09894000  0.08777000  0.08777000 -0.11894000  0.05222000  0.05222000  0.10627000  0.07448000  0.66285002 -0.62384999 -0.90328002  0.36552000 -0.50744998  0.32692999  0.32692999  0.36552000
N0Arg Met Val Nme  0.32723999 -0.50739002  0.32723999  0.52287001 -0.39877000  0.32358000  0.01990000  0.06908001  0.06908001 -0.09760999  0.08272000  0.08272000 -0.11598000  0.05463000  0.05463000  0.10547000  0.07410001  0.66377998 -0.62410998 -0.90358001  0.36692000 -0.50739002  0.32723999  0.32723999  0.36692000
N0Arg Leu Val Nme  0.32753000 -0.50702000  0.32753000  0.52425998 -0.39943001  0.32451001  0.01889000  0.06833000  0.06833000 -0.09494000  0.07016000  0.07016000 -0.11661000  0.06404000  0.06404000  0.10955000  0.07253000  0.65776002 -0.61669999 -0.90404999  0.36882001 -0.50702000  0.32753000  0.32753000  0.36882001
N0Arg Ala Val Nme  0.32734001 -0.50735003  0.32734001  0.52313000 -0.39905000  0.32358000  0.01937000  0.06945000  0.06945000 -0.09644000  0.07845000  0.07845000 -0.11765000  0.05856000  0.05856000  0.10472000  0.07339000  0.66301000 -0.62177998 -0.90359002  0.36607999 -0.50735003  0.32734001  0.32734001  0.36607999
N0Arg Lys Val Nme  0.32969999 -0.50224000  0.32969999  0.52425998 -0.40634000  0.31984001  0.02047000  0.07117000  0.07117000 -0.09584000  0.07372000  0.07372000 -0.12255000  0.06243000  0.06243000  0.11649000  0.06823000  0.65241998 -0.60062999 -0.91303998  0.37698001 -0.50224000  0.32969999  0.32969999  0.37698001
N0Arg Glh Val Nme  0.32745999 -0.50664001  0.32745999  0.52307999 -0.39972001  0.32339001  0.01901000  0.06991000  0.06991000 -0.09561000  0.07905000  0.07905000 -0.12077000  0.05880000  0.05880000  0.10721001  0.07179000  0.66465003 -0.61444998 -0.90623998  0.36853999 -0.50664001  0.32745999  0.32745999  0.36853999
N0Arg Asp Val Nme  0.32354000 -0.51476997  0.32354000  0.51713002 -0.38611001  0.32604000  0.01650000  0.06855000  0.06855000 -0.10014000  0.09347000  0.09347000 -0.11633000  0.04692000  0.04692000  0.09529999  0.07009000  0.65617001 -0.64218003 -0.89670003  0.35694000 -0.51476997  0.32354000  0.32354000  0.35694000
N0Arg Ile Val Nme  0.32732001 -0.50753999  0.32732001  0.52410000 -0.39833999  0.32488999  0.01839000  0.06771000  0.06771000 -0.09334000  0.07212000  0.07212000 -0.11617000  0.06209000  0.06209000  0.11047000  0.07250000  0.65767002 -0.62443000 -0.90276003  0.36870000 -0.50753999  0.32732001  0.32732001  0.36870000
N0Arg Cyx Val Nme  0.32699001 -0.50721997  0.32699001  0.52249002 -0.39914000  0.32258999  0.02060000  0.06976000  0.06976000 -0.09972000  0.08634000  0.08634000 -0.11856000  0.05278000  0.05278000  0.10893000  0.07504999  0.66497999 -0.62326998 -0.90065003  0.36722001 -0.50721997  0.32699001  0.32699001  0.36722001
N0Arg Ser Val Nme  0.32725001 -0.50730002  0.32725001  0.52326000 -0.39860001  0.32365999  0.01894000  0.06879001  0.06879001 -0.09518000  0.07788000  0.07788000 -0.11875000  0.05808000  0.05808000  0.11018000  0.07323000  0.65967000 -0.62295002 -0.90253001  0.36785001 -0.50730002  0.32725001  0.32725001  0.36785001
N0Arg Gly Val Nme  0.32734001 -0.50730002  0.32734001  0.52407002 -0.39809001  0.32486001  0.01855000  0.06781000  0.06781000 -0.09495000  0.07477000  0.07477000 -0.11620000  0.06013000  0.06013000  0.11109000  0.07417000  0.65351999 -0.61556000 -0.90537000  0.37020001 -0.50730002  0.32734001  0.32734001  0.37020001
N0Arg Arg Val Nme  0.32916999 -0.50300002  0.32916999  0.52433998 -0.40663999  0.32158000  0.02234000  0.07099001  0.07099001 -0.09918999  0.08267001  0.08267001 -0.11858999  0.05762000  0.05762000  0.11014001  0.07791000  0.66553998 -0.61350000 -0.90859997  0.37033001 -0.50300002  0.32916999  0.32916999  0.37033001
N0Arg Trp Val Nme  0.32743999 -0.50740999  0.32743999  0.52393001 -0.39941999  0.32367000  0.01905000  0.06916000  0.06916000 -0.09312000  0.07240000  0.07240000 -0.12032000  0.06251000  0.06251000  0.10761000  0.07055000  0.65806001 -0.61963999 -0.90425998  0.36765999 -0.50740999  0.32743999  0.32743999  0.36765999
N0Arg Asn Val Nme  0.32681999 -0.50783002  0.32681999  0.52213001 -0.39802000  0.32293001  0.01947000  0.06999000  0.06999000 -0.09844000  0.08489000  0.08489000 -0.11962000  0.05526000  0.05526000  0.10401000  0.07238000  0.66378999 -0.59878999 -0.90433002  0.36688000 -0.50783002  0.32681999  0.32681999  0.36688000
N0Arg Lyn Val Nme  0.32709000 -0.50730997  0.32709000  0.52280003 -0.39837000  0.32289001  0.01999000  0.06924000  0.06924000 -0.09781000  0.08310000  0.08310000 -0.11516000  0.05419000  0.05419000  0.10391000  0.07468000  0.66373003 -0.62352002 -0.90359002  0.36643001 -0.50730997  0.32709000  0.32709000  0.36643001
N0Arg Ash Val Nme  0.32721001 -0.50705999  0.32721001  0.52195000 -0.39871001  0.32291999  0.01906000  0.07015000  0.07015000 -0.09750000  0.08277000  0.08277000 -0.12137000  0.05729000  0.05729000  0.10689000  0.07452000  0.66051000 -0.59994000 -0.90573001  0.36847001 -0.50705999  0.32721001  0.32721001  0.36847001
N0Arg Gln Val Nme  0.32716000 -0.50704998  0.32716000  0.52279001 -0.39892000  0.32341999  0.01990000  0.06938000  0.06938000 -0.09776000  0.08250000  0.08250000 -0.11677000  0.05582000  0.05582000  0.10521000  0.07405000  0.66246003 -0.62158000 -0.90476000  0.36719000 -0.50704998  0.32716000  0.32716000  0.36719000
N0Arg Hip Val Nme  0.33065999 -0.49917000  0.33065999  0.52495998 -0.41007000  0.31911001  0.02136000  0.07156001  0.07156001 -0.09431000  0.06973000  0.06973000 -0.12586000  0.06639000  0.06639000  0.11767000  0.06920001  0.64749998 -0.58529001 -0.91245001  0.37968001 -0.49917000  0.33065999  0.33065999  0.37968001
N0Arg Hie Val Nme  0.32714000 -0.50752997  0.32714000  0.52279001 -0.39846000  0.32381999  0.01885000  0.06834000  0.06834000 -0.09560000  0.07834000  0.07834000 -0.11891000  0.05792000  0.05792000  0.10843000  0.07176000  0.65987998 -0.62063003 -0.90342999  0.36807999 -0.50752997  0.32714000  0.32714000  0.36807999
N0Arg Pro Val Nme  0.32800999 -0.50664997  0.32800999  0.52449000 -0.40316001  0.32212001  0.01996000  0.07116000  0.07116000 -0.09538000  0.06089000  0.06089000 -0.11827000  0.07098000  0.07098000  0.11396000  0.06915000  0.67410999 -0.60883999 -0.90271998  0.36543000 -0.50664997  0.32800999  0.32800999  0.36543000
N0Arg Hid Val Nme  0.32719001 -0.50686997  0.32719001  0.52271998 -0.39915001  0.32462001  0.01956000  0.06907000  0.06907000 -0.09681000  0.08042000  0.08042000 -0.11818000  0.05744000  0.05744000  0.10747000  0.07276000  0.65853000 -0.61014003 -0.90419000  0.36879000 -0.50686997  0.32719001  0.32719001  0.36879000
N0Arg Tyr Val Nme  0.32742000 -0.50708997  0.32742000  0.52266997 -0.39923999  0.32302999  0.01958000  0.06965000  0.06965000 -0.09700000  0.08165000  0.08165000 -0.11986000  0.05493000  0.05493000  0.10787000  0.07120000  0.65675998 -0.61558998 -0.90178001  0.36796999 -0.50708997  0.32742000  0.32742000  0.36796999
N0Arg Cys Val Nme  0.32719001 -0.50759000  0.32719001  0.52266997 -0.39767000  0.32422000  0.01950000  0.06939000  0.06939000 -0.09757000  0.08100000  0.08100000 -0.11661000  0.05637000  0.05637000  0.11023000  0.07458000  0.66420001 -0.62342000 -0.90929002  0.36987001 -0.50759000  0.32719001  0.32719001  0.36987001
