N0Ash Arg Val Nme  0.37918002 -0.91383999  0.13301000  0.03161000  0.64490998 -0.54522997 -0.12930000  0.10272000  0.10272000  0.63427001 -0.55688000 -0.60023999  0.45162001  0.37918002
N0Ash Ile Val Nme  0.37196001 -0.91246998  0.12313000  0.03511000  0.65868998 -0.57823002 -0.12752999  0.10626000  0.10626000  0.63200998 -0.55958998 -0.60181999  0.44672999  0.37196001
N0Ash Gly Val Nme  0.36985001 -0.90994001  0.11936000  0.03960000  0.65454000 -0.57073999 -0.12804000  0.10674999  0.10674999  0.63429999 -0.56032998 -0.60206002  0.44703000  0.36985001
N0Ash Ash Val Nme  0.37360001 -0.90770000  0.12523000  0.03897000  0.64982003 -0.55663002 -0.13407000  0.10453000  0.10453000  0.63155001 -0.55449998 -0.60254002  0.44736001  0.37360001
N0Ash Lyn Val Nme  0.37342000 -0.91070002  0.12559000  0.03307000  0.65438002 -0.57018000 -0.12975000  0.10313000  0.10313000  0.63253999 -0.55585998 -0.60303002  0.44687000  0.37342000
N0Ash Hip Val Nme  0.37715000 -0.91268999  0.13165000  0.03726000  0.63216001 -0.52929998 -0.13704001  0.11009000  0.11009000  0.63356000 -0.56228000 -0.58895999  0.45717999  0.37715000
N0Ash Leu Val Nme  0.37257001 -0.91321999  0.12386000  0.03457000  0.65745002 -0.57778001 -0.12755001  0.10551000  0.10551000  0.63204998 -0.55944002 -0.60136998  0.44716001  0.37257001
N0Ash Met Val Nme  0.37347999 -0.90957999  0.12610001  0.03422000  0.65710998 -0.57466000 -0.12991000  0.10283000  0.10283000  0.63283998 -0.55750000 -0.60214001  0.44797001  0.37347999
N0Ash Lys Val Nme  0.37305999 -0.91591001  0.12954000  0.03411000  0.65697002 -0.56443000 -0.13084000  0.10685000  0.10685000  0.63284999 -0.55666000 -0.59524000  0.45315000  0.37305999
N0Ash Asp Val Nme  0.36186999 -0.89911997  0.11078000  0.03589000  0.65421999 -0.60645998 -0.12869000  0.10555000  0.10555000  0.63602000 -0.56713003 -0.60971999  0.43518999  0.36186999
N0Ash Tyr Val Nme  0.37189999 -0.90973997  0.12255000  0.03611000  0.65090001 -0.56335002 -0.13188000  0.10589000  0.10589000  0.63217002 -0.55787998 -0.60167998  0.44681001  0.37189999
N0Ash Phe Val Nme  0.37175000 -0.90752000  0.12251000  0.03654000  0.65315998 -0.56735998 -0.13125999  0.10586000  0.10586000  0.63404000 -0.56199998 -0.60088003  0.44747001  0.37175000
N0Ash Cys Val Nme  0.37379000 -0.90943998  0.12669000  0.03713000  0.65322000 -0.57191998 -0.12997000  0.10361000  0.10361000  0.63391000 -0.55877000 -0.60149002  0.44847000  0.37379000
N0Ash Trp Val Nme  0.37200999 -0.90933001  0.12225000  0.03476000  0.65252000 -0.56656998 -0.13169999  0.10575000  0.10575000  0.63256002 -0.55927998 -0.60154003  0.44648001  0.37200999
N0Ash Ser Val Nme  0.37176001 -0.91158003  0.12490000  0.03648000  0.65639001 -0.57879001 -0.12899999  0.10430000  0.10430000  0.63273001 -0.55429000 -0.60385001  0.44690001  0.37176001
N0Ash Cyx Val Nme  0.36778000 -0.91123003  0.11637000  0.04717000  0.66969001 -0.58199000 -0.12692000  0.10634000  0.10634000  0.63630003 -0.55535000 -0.60648000  0.44617999  0.36778000
N0Ash Hid Val Nme  0.37347001 -0.90855998  0.12501000  0.03674000  0.64665002 -0.55726999 -0.13465001  0.10543000  0.10543000  0.63172001 -0.55778003 -0.60035998  0.44758999  0.37347001
N0Ash Hie Val Nme  0.36859000 -0.90702999  0.11853000  0.04058000  0.65505999 -0.57489002 -0.13122000  0.10607000  0.10607000  0.63396001 -0.56105000 -0.60176998  0.44665000  0.36859000
N0Ash Glu Val Nme  0.36506999 -0.90840000  0.11635000  0.03208000  0.65806001 -0.58925003 -0.12970000  0.10970000  0.10970000  0.63580000 -0.56712002 -0.60448003  0.43876001  0.36506999
N0Ash Ala Val Nme  0.37210000 -0.90928000  0.12420000  0.03702000  0.65798998 -0.57734001 -0.13042000  0.10287000  0.10287000  0.63415003 -0.55842000 -0.60218000  0.44736999  0.37210000
N0Ash Gln Val Nme  0.37224000 -0.91207999  0.12216000  0.03614000  0.65762001 -0.57340998 -0.12726000  0.10519000  0.10519000  0.63476002 -0.56041998 -0.60289002  0.44775000  0.37224000
N0Ash Thr Val Nme  0.37232000 -0.90775001  0.12527000  0.03635000  0.65284002 -0.57252002 -0.12971000  0.10350000  0.10350000  0.63452000 -0.55930000 -0.60267001  0.44747001  0.37232000
N0Ash Glh Val Nme  0.37393999 -0.91530001  0.12695999  0.03303000  0.66158998 -0.57300001 -0.12910000  0.10287000  0.10287000  0.63132000 -0.55085999 -0.60418999  0.44768000  0.37393999
N0Ash Asn Val Nme  0.36735001 -0.90904999  0.11699000  0.03890000  0.66852999 -0.57019001 -0.12567000  0.10540000  0.10540000  0.63300002 -0.54992998 -0.60728002  0.44582999  0.36735001
N0Ash Pro Val Nme  0.36575001 -0.90276003  0.11627000  0.04521000  0.67399001 -0.57352001 -0.12587000  0.11026000  0.11026000  0.63505000 -0.57290000 -0.59873003  0.44657001  0.36575001
N0Ash Val Val Nme  0.37267000 -0.91267002  0.12547000  0.03405000  0.65696001 -0.57745999 -0.12921999  0.10543000  0.10543000  0.63192999 -0.55781001 -0.60176003  0.44650999  0.37267000
