N0Asp Gln Val Nme  0.34676000 -0.92414999  0.12606999  0.06302000  0.67668003 -0.58819998 -0.19448000  0.04655000  0.04655000  0.90535998 -0.84559000 -0.84559000  0.34676000
N0Asp Tyr Val Nme  0.36074001 -0.91681999  0.13953000  0.05358000  0.65003002 -0.60444999 -0.19852000  0.04420000  0.04420000  0.90614998 -0.84450001 -0.84450001  0.36074001
N0Asp Cyx Val Nme  0.34351000 -0.92277002  0.12427000  0.06228000  0.68285000 -0.58487999 -0.19329000  0.04554000  0.04554000  0.90281999 -0.84495997 -0.84495997  0.34351000
N0Asp Met Val Nme  0.36131999 -0.92168999  0.14140000  0.05516000  0.65665001 -0.61293000 -0.19774000  0.04210000  0.04210000  0.90408999 -0.84277999 -0.84277999  0.36131999
N0Asp Ser Val Nme  0.34852001 -0.92135000  0.13128001  0.05961000  0.67089999 -0.59876001 -0.19609000  0.04488000  0.04488000  0.90719998 -0.84442001 -0.84442001  0.34852001
N0Asp Glh Val Nme  0.34638000 -0.92110002  0.12712000  0.05825000  0.67712998 -0.59960002 -0.19663000  0.04542000  0.04542000  0.90436000 -0.84377998 -0.84377998  0.34638000
N0Asp Val Val Nme  0.36041000 -0.92321998  0.13996001  0.05492000  0.65737998 -0.61173999 -0.19497000  0.04503000  0.04503000  0.90373999 -0.84568000 -0.84568000  0.36041000
N0Asp Cys Val Nme  0.36216000 -0.92180002  0.14264999  0.05469000  0.65913999 -0.61522001 -0.19750001  0.04329000  0.04329000  0.90441000 -0.84283000 -0.84283000  0.36216000
N0Asp Pro Val Nme  0.36037001 -0.92464000  0.14376999  0.04853000  0.67487001 -0.60290003 -0.19403000  0.04972000  0.04972000  0.90261000 -0.84762001 -0.84762001  0.36037001
N0Asp Ash Val Nme  0.35033000 -0.91604000  0.13291000  0.05984000  0.66376001 -0.58920002 -0.19907001  0.04645000  0.04645000  0.90504998 -0.84416997 -0.84416997  0.35033000
N0Asp Arg Val Nme  0.34692001 -0.92369997  0.12228000  0.06204000  0.68132001 -0.56699997 -0.19258000  0.05245000  0.05245000  0.90647000 -0.84805000 -0.84805000  0.34692001
N0Asp Hip Val Nme  0.36109999 -0.91759002  0.14206000  0.05580000  0.64245999 -0.58591002 -0.20941999  0.04897000  0.04897000  0.90913999 -0.83114999 -0.83114999  0.36109999
N0Asp Hid Val Nme  0.35662999 -0.91438002  0.13448000  0.05814000  0.65101999 -0.59745998 -0.20075000  0.04472000  0.04472000  0.90675997 -0.84311998 -0.84311998  0.35662999
N0Asp Trp Val Nme  0.35967001 -0.91637999  0.13711999  0.05267000  0.65116000 -0.60246998 -0.19655000  0.04475000  0.04475000  0.90613001 -0.84616000 -0.84616000  0.35967001
N0Asp Ile Val Nme  0.35923001 -0.91929001  0.13778000  0.05573000  0.65741998 -0.61268997 -0.19569001  0.04535000  0.04535000  0.90499002 -0.84586000 -0.84586000  0.35923001
N0Asp Thr Val Nme  0.35859000 -0.91720999  0.13737000  0.05612000  0.65877002 -0.61084002 -0.19549000  0.04360000  0.04360000  0.90347999 -0.84443999 -0.84443999  0.35859000
N0Asp Gly Val Nme  0.35763001 -0.91505003  0.13575000  0.05377000  0.65231001 -0.59995002 -0.19574000  0.04483000  0.04483000  0.90595001 -0.84592998 -0.84592998  0.35763001
N0Asp Ala Val Nme  0.36002001 -0.92141998  0.14105999  0.05173000  0.66145003 -0.61448002 -0.19678000  0.04315000  0.04315000  0.90455001 -0.84436000 -0.84436000  0.36002001
N0Asp Asp Val Nme  0.34658000 -0.91468000  0.12181000  0.05311000  0.67431998 -0.62492001 -0.18436999  0.04273000  0.04273000  0.90303999 -0.85901999 -0.85901999  0.34658000
N0Asp Hie Val Nme  0.34911001 -0.91505003  0.12843000  0.06159000  0.66347998 -0.60049999 -0.19708000  0.04572000  0.04572000  0.90622002 -0.84593999 -0.84593999  0.34911001
N0Asp Lyn Val Nme  0.36094999 -0.92149001  0.13875000  0.05297000  0.65912998 -0.61037999 -0.19452999  0.04356000  0.04356000  0.90382999 -0.84482002 -0.84482002  0.36094999
N0Asp Leu Val Nme  0.36166999 -0.92554998  0.14069000  0.05316000  0.65697998 -0.61150003 -0.19476999  0.04583000  0.04583000  0.90391999 -0.84540999 -0.84540999  0.36166999
N0Asp Phe Val Nme  0.36098001 -0.91851002  0.13949000  0.05260000  0.65348000 -0.60667002 -0.19817000  0.04534000  0.04534000  0.90544999 -0.84498000 -0.84498000  0.36098001
N0Asp Asn Val Nme  0.35223001 -0.91789001  0.13299000  0.05758000  0.66692001 -0.58749998 -0.19594000  0.04662000  0.04662000  0.90464997 -0.84645998 -0.84645998  0.35223001
N0Asp Lys Val Nme  0.35828999 -0.92679000  0.14217000  0.05721000  0.65688002 -0.59468001 -0.20083000  0.04751000  0.04751000  0.90600002 -0.83687001 -0.83687001  0.35828999
N0Asp Glu Val Nme  0.35411000 -0.91632003  0.13357000  0.04629000  0.66075998 -0.62181997 -0.18814001  0.04786000  0.04786000  0.90499002 -0.85758001 -0.85758001  0.35411000
