N0Cyx Ile Val Nme -0.11610000 -0.06718000  0.09022000  0.09022000  0.10426000  0.08044000  0.67536003 -0.60338002 -0.90144002  0.36221001  0.36221001
N0Cyx Gly Val Nme -0.11709000 -0.06873000  0.09009000  0.09009000  0.10263000  0.08354000  0.66737998 -0.58925003 -0.90415001  0.36357999  0.36357999
N0Cyx Ala Val Nme -0.11592000 -0.07178000  0.08966000  0.08966000  0.10671000  0.07975000  0.67479002 -0.60297000 -0.90021998  0.36179999  0.36179999
N0Cyx Pro Val Nme -0.11269000 -0.06912000  0.08061000  0.08061000  0.12256000  0.08193000  0.68453002 -0.60851002 -0.90041000  0.36122999  0.36122999
N0Cyx Ser Val Nme -0.11970000 -0.06743000  0.08976000  0.08976000  0.10606000  0.08333000  0.67398000 -0.60642999 -0.90121001  0.36217001  0.36217001
N0Cyx Hie Val Nme -0.11986000 -0.06698000  0.09001000  0.09001000  0.10670000  0.07873000  0.67888999 -0.61180001 -0.89820999  0.36229000  0.36229000
N0Cyx Asp Val Nme -0.07585000 -0.07633000  0.07953000  0.07953000  0.09809000  0.08063000  0.67940003 -0.63731003 -0.89471001  0.35181001  0.35181001
N0Cyx Phe Val Nme -0.10554000 -0.07008000  0.09031000  0.09031000  0.10382000  0.07970000  0.67747003 -0.59960997 -0.90227002  0.36206999  0.36206999
N0Cyx Hip Val Nme -0.17353000 -0.05972000  0.10087000  0.10087000  0.11997000  0.08033000  0.66415000 -0.58267999 -0.90438002  0.37520000  0.37520000
N0Cyx Lys Val Nme -0.14656000 -0.06318000  0.09798000  0.09798000  0.11442000  0.07785000  0.67142999 -0.59259999 -0.90312999  0.37092999  0.37092999
N0Cyx Ash Val Nme -0.11081000 -0.07314000  0.09010000  0.09010000  0.10808000  0.08103000  0.67668003 -0.59443998 -0.90015000  0.36331999  0.36331999
N0Cyx Cyx Val Nme -0.12639000 -0.07510000  0.09002000  0.09002000  0.11002000  0.08265000  0.68352002 -0.61655998 -0.89822000  0.36320999  0.36320999
N0Cyx Asn Val Nme -0.09597000 -0.07325000  0.08891000  0.08891000  0.10254000  0.08155000  0.68085003 -0.59241998 -0.90179002  0.36109999  0.36109999
N0Cyx Lyn Val Nme -0.11297000 -0.07442000  0.08954000  0.08954000  0.10519000  0.08106000  0.67467999 -0.59451002 -0.89851999  0.36083001  0.36083001
N0Cyx Val Val Nme -0.11484000 -0.06814000  0.09017001  0.09017001  0.10470000  0.08051000  0.67597002 -0.60411000 -0.90284997  0.36267999  0.36267999
N0Cyx Leu Val Nme -0.11565000 -0.06907000  0.09003000  0.09003000  0.10407000  0.08034000  0.67431003 -0.60112000 -0.90271998  0.36287999  0.36287999
N0Cyx Met Val Nme -0.13992000 -0.07437000  0.08258000  0.08258000  0.10138000  0.10378000  0.68177003 -0.58938998 -0.90154999  0.36057001  0.36057001
N0Cyx Gln Val Nme -0.10990000 -0.07403000  0.09026000  0.09026000  0.10574000  0.07963000  0.67139000 -0.59504998 -0.89875001  0.36057001  0.36057001
N0Cyx Arg Val Nme -0.11344000 -0.07467000  0.09448000  0.09448000  0.10878000  0.08002000  0.67079997 -0.57436001 -0.90460002  0.36398000  0.36398000
N0Cyx Tyr Val Nme -0.10517000 -0.07008000  0.09067000  0.09067000  0.10480000  0.07987000  0.67672002 -0.60004997 -0.90355003  0.36241001  0.36241001
N0Cyx Glu Val Nme -0.09659000 -0.06205000  0.08391000  0.08391000  0.10102000  0.07005000  0.67544001 -0.60821998 -0.89836001  0.36008000  0.36008000
N0Cyx Thr Val Nme -0.11117000 -0.07349000  0.08875000  0.08875000  0.10591000  0.08313000  0.67249000 -0.59740001 -0.89775997  0.36012000  0.36012000
N0Cyx Hid Val Nme -0.10847000 -0.07657000  0.08970000  0.08970000  0.11061000  0.07684000  0.67848003 -0.60826999 -0.89778000  0.36318001  0.36318001
N0Cyx Glh Val Nme -0.12289000 -0.07441000  0.08847000  0.08847000  0.10444000  0.08666000  0.67807001 -0.59450001 -0.90068001  0.36251000  0.36251000
N0Cyx Trp Val Nme -0.11946000 -0.06914000  0.08864000  0.08864000  0.10583000  0.08154000  0.67347002 -0.60250002 -0.89950001  0.36219999  0.36219999
N0Cyx Cys Val Nme -0.12408000 -0.07384000  0.08786000  0.08786000  0.10613000  0.08994000  0.67904001 -0.59925997 -0.90201998  0.36230001  0.36230001
