N0Cys Hie Val Nme  0.19181999 -0.34191999 -0.04458000  0.07847000  0.07847000  0.11325000  0.07654000  0.66958999 -0.59926999 -0.90236002  0.36702999  0.36702999
N0Cys Hip Val Nme  0.20956001 -0.37907001 -0.03820000  0.09025000  0.09025000  0.12359000  0.07782000  0.65687001 -0.56468999 -0.90812999  0.37713000  0.37713000
N0Cys Asn Val Nme  0.19676000 -0.34272999 -0.04580000  0.08134000  0.08134000  0.11439000  0.07235000  0.67189997 -0.58875000 -0.90182000  0.36803001  0.36803001
N0Cys Phe Val Nme  0.19870999 -0.34858000 -0.04363000  0.08119000  0.08119000  0.11250000  0.07512000  0.66740000 -0.58915001 -0.90491998  0.36952999  0.36952999
N0Cys Tyr Val Nme  0.20183000 -0.34735000 -0.03705000  0.06699000  0.06699000  0.12185000  0.07988000  0.66968000 -0.58682001 -0.90136999  0.36614999  0.36614999
N0Cys Thr Val Nme  0.19051000 -0.33109999 -0.04902000  0.08584000  0.08584000  0.10977000  0.06953000  0.67444002 -0.60784000 -0.90557999  0.36486000  0.36486000
N0Cys Met Val Nme  0.19594000 -0.33883000 -0.04721000  0.08440000  0.08440000  0.11069000  0.07052000  0.67606002 -0.60496998 -0.90460998  0.36487999  0.36487999
N0Cys Asp Val Nme  0.16911000 -0.29418999 -0.05336000  0.07064999  0.07064999  0.10226000  0.07534000  0.67298001 -0.63713998 -0.89747000  0.35275000  0.35275000
N0Cys Lyn Val Nme  0.19121000 -0.33500999 -0.04629000  0.08480000  0.08480000  0.10913000  0.06874000  0.67752999 -0.60329997 -0.90761000  0.36508000  0.36508000
N0Cys Glh Val Nme  0.19320001 -0.33590999 -0.04934000  0.08512000  0.08512000  0.11098000  0.06961000  0.67532998 -0.59811002 -0.90550000  0.36679000  0.36679000
N0Cys Ala Val Nme  0.19655999 -0.34246999 -0.04338000  0.08023999  0.08023999  0.11182000  0.07316000  0.67835998 -0.60619998 -0.90355003  0.36315000  0.36315000
N0Cys Gln Val Nme  0.19192000 -0.33182001 -0.05083000  0.08548000  0.08548000  0.10987000  0.06861000  0.67152000 -0.59930003 -0.90373999  0.36491001  0.36491001
N0Cys Cys Val Nme  0.19042000 -0.33307999 -0.04821000  0.08727000  0.08727000  0.10998000  0.06842000  0.67827999 -0.60298997 -0.90603000  0.36541000  0.36541000
N0Cys Hid Val Nme  0.20246000 -0.35191000 -0.04545000  0.08038000  0.08038000  0.11493000  0.07501000  0.66823000 -0.59302002 -0.90236002  0.36759999  0.36759999
N0Cys Trp Val Nme  0.19710000 -0.34733999 -0.04342000  0.07971000  0.07971000  0.11248000  0.07297000  0.67316997 -0.60035002 -0.90338999  0.36654002  0.36654002
N0Cys Ser Val Nme  0.19406000 -0.34327000 -0.04715000  0.08487000  0.08487000  0.11163000  0.07082000  0.67644000 -0.60974997 -0.90336001  0.36585000  0.36585000
N0Cys Cyx Val Nme  0.19700000 -0.33877000 -0.04751000  0.08408000  0.08408000  0.11158000  0.07498000  0.67334998 -0.59552002 -0.90246999  0.36493999  0.36493999
N0Cys Val Val Nme  0.20018000 -0.35378000 -0.04468000  0.08140000  0.08140000  0.11516000  0.07160000  0.67391002 -0.60523999 -0.90228998  0.36851999  0.36851999
N0Cys Ile Val Nme  0.19824000 -0.35016000 -0.04656000  0.08419000  0.08419000  0.11145000  0.07354000  0.67022002 -0.60389000 -0.90366000  0.36963999  0.36963999
N0Cys Leu Val Nme  0.20270001 -0.35679999 -0.04421000  0.07945000  0.07945000  0.11597000  0.07773000  0.66801000 -0.60417998 -0.90011001  0.36965999  0.36965999
N0Cys Glu Val Nme  0.19081999 -0.34399000 -0.04408000  0.07801000  0.07801000  0.10333000  0.07078000  0.67122000 -0.62106002 -0.89709997  0.35997998  0.35997998
N0Cys Ash Val Nme  0.19343000 -0.33680001 -0.04662000  0.07936000  0.07936000  0.11677000  0.07549000  0.67396998 -0.58930999 -0.90180999  0.36667001  0.36667001
N0Cys Arg Val Nme  0.19642000 -0.32694000 -0.05638000  0.08784000  0.08784000  0.11688000  0.07293000  0.65906000 -0.57494003 -0.90737999  0.36950999  0.36950999
N0Cys Pro Val Nme  0.20668000 -0.37705001 -0.03792000  0.08705000  0.08705000  0.11985000  0.07714000  0.67868000 -0.60492003 -0.90110999  0.36912000  0.36912000
N0Cys Lys Val Nme  0.19064000 -0.36359000 -0.04011000  0.09382000  0.09382000  0.11730000  0.06789000  0.66808999 -0.58590001 -0.90499002  0.37358001  0.37358001
N0Cys Gly Val Nme  0.19238999 -0.33607000 -0.04789000  0.08627000  0.08627000  0.10787000  0.06863000  0.67070001 -0.60214001 -0.90213001  0.36386001  0.36386001
