N0Gln Gly Val Nme  0.30945000 -0.68162000  0.30945000  0.66030997 -0.60319001 -0.15333000  0.06091000  0.06091000 -0.10988000  0.07738000  0.07738000  0.10481000  0.06828000  0.65657002 -0.59496999 -0.90039998  0.36199000  0.36199000
N0Gln Lys Val Nme  0.31456000 -0.67456001  0.31456000  0.66276002 -0.61478001 -0.15860000  0.06362000  0.06362000 -0.10738000  0.07299000  0.07299000  0.10907000  0.06753000  0.66058999 -0.58783001 -0.90372997  0.36803001  0.36803001
N0Gln Gln Val Nme  0.30965000 -0.68359000  0.30965000  0.66044003 -0.59846997 -0.15413000  0.05897000  0.05897000 -0.11059001  0.08044000  0.08044000  0.10167000  0.06781000  0.66447997 -0.59556002 -0.90386999  0.36125001  0.36125001
N0Gln Glu Val Nme  0.30577001 -0.68619001  0.30577001  0.66279000 -0.61936003 -0.15058000  0.07124000  0.07124000 -0.10483000  0.06929000  0.06929000  0.09838000  0.06451000  0.66350001 -0.61975002 -0.89635998  0.35620001  0.35620001
N0Gln Cyx Val Nme  0.30948001 -0.68357998  0.30948001  0.66044003 -0.59966999 -0.15299000  0.06016000  0.06016000 -0.11183000  0.07916000  0.07916000  0.10539000  0.07226000  0.67049003 -0.60553998 -0.90170002  0.36227000  0.36227000
N0Gln Arg Val Nme  0.31299999 -0.67869997  0.31299999  0.66044998 -0.59561998 -0.15595000  0.05885000  0.05885000 -0.11206000  0.08168000  0.08168000  0.10609000  0.06815000  0.65618998 -0.57757002 -0.90715998  0.36526000  0.36526000
N0Gln Phe Val Nme  0.30959999 -0.68355000  0.30959999  0.66057002 -0.60145998 -0.15494999  0.05982000  0.05982000 -0.10819000  0.07856000  0.07856000  0.10235000  0.06635000  0.66693997 -0.59652001 -0.90325999  0.36125001  0.36125001
N0Gln Asp Val Nme  0.30127001 -0.69519001  0.30127001  0.65925002 -0.59016001 -0.14790000  0.05549000  0.05549000 -0.11162000  0.08582000  0.08582000  0.09253000  0.06876000  0.66773999 -0.63318998 -0.90055001  0.34998000  0.34998000
N0Gln Lyn Val Nme  0.30935001 -0.68329001  0.30935001  0.65954000 -0.60005999 -0.15384001  0.05851000  0.05851000 -0.10635000  0.08142000  0.08142000  0.09900000  0.06672000  0.67094999 -0.60197997 -0.90528000  0.35953000  0.35953000
N0Gln Pro Val Nme  0.31211001 -0.68294001  0.31211001  0.65547001 -0.60395002 -0.15187000  0.06002000  0.06002000 -0.10877000  0.07602000  0.07602000  0.11012000  0.06737000  0.67826998 -0.60785002 -0.90052998  0.36172000  0.36172000
N0Gln Ile Val Nme  0.31002000 -0.68142003  0.31002000  0.65985000 -0.60427999 -0.15335999  0.06148000  0.06148000 -0.11076000  0.07498000  0.07498000  0.10487000  0.06951000  0.66711998 -0.60930997 -0.90096998  0.36291999  0.36291999
N0Gln Hip Val Nme  0.31669000 -0.66970002  0.31669000  0.66308999 -0.61773002 -0.16017000  0.06507001  0.06507001 -0.10819000  0.07195001  0.07195001  0.11372000  0.07115000  0.65069998 -0.56870001 -0.90687001  0.37199000  0.37199000
N0Gln Cys Val Nme  0.30965000 -0.68283999  0.30965000  0.66022998 -0.59974003 -0.15443000  0.05929000  0.05929000 -0.10811000  0.08078000  0.08078000  0.10071000  0.06946000  0.66836000 -0.60105002 -0.90341997  0.36039001  0.36039001
N0Gln Thr Val Nme  0.30890000 -0.68421000  0.30890000  0.66038001 -0.59867001 -0.15328001  0.05885000  0.05885000 -0.11119000  0.08123000  0.08123000  0.10312000  0.06941000  0.66494000 -0.60277998 -0.90333003  0.36057001  0.36057001
N0Gln Tyr Val Nme  0.30926001 -0.68344003  0.30926001  0.66012001 -0.59960997 -0.15482999  0.05875000  0.05875000 -0.10703000  0.08069000  0.08069000  0.10087000  0.06608000  0.66582000 -0.59618998 -0.90486997  0.36058000  0.36058000
N0Gln Ala Val Nme  0.30906001 -0.68339998  0.30906001  0.66034001 -0.59982997 -0.15462001  0.05888000  0.05888000 -0.10726001  0.08082000  0.08082000  0.09826000  0.06807000  0.66996997 -0.60534001 -0.90289003  0.35903001  0.35903001
N0Gln Glh Val Nme  0.30976999 -0.68282998  0.30976999  0.66144002 -0.59908003 -0.15511000  0.05978000  0.05978000 -0.11082000  0.07921000  0.07921000  0.10065000  0.06825000  0.66970003 -0.59726000 -0.90050000  0.36137000  0.36137000
N0Gln Trp Val Nme  0.31014001 -0.68122000  0.31014001  0.66075998 -0.60741001 -0.15470000  0.06178000  0.06178000 -0.10851000  0.07494000  0.07494000  0.10264000  0.06694000  0.66276002 -0.59662998 -0.90101999  0.36214000  0.36214000
N0Gln Ash Val Nme  0.30897000 -0.68349999  0.30897000  0.66040999 -0.59824997 -0.15439001  0.05928000  0.05928000 -0.10990000  0.08113000  0.08113000  0.10491000  0.06873000  0.66636002 -0.58986002 -0.90350998  0.36190998  0.36190998
N0Gln Met Val Nme  0.30943999 -0.68339997  0.30943999  0.66013998 -0.59943002 -0.15440001  0.05893000  0.05893000 -0.10801000  0.08091000  0.08091000  0.10073000  0.06782000  0.66880000 -0.60285002 -0.90489000  0.36076000  0.36076000
N0Gln Val Val Nme  0.30996001 -0.68149001  0.30996001  0.66014999 -0.60422999 -0.15332000  0.06166000  0.06166000 -0.11021000  0.07491000  0.07491000  0.10372000  0.06928000  0.66642999 -0.60930997 -0.90017003  0.36267000  0.36267000
N0Gln Hid Val Nme  0.30987999 -0.68155003  0.30987999  0.66021001 -0.60210002 -0.15464001  0.06074000  0.06074000 -0.10965000  0.07719000  0.07719000  0.10469000  0.06729000  0.66771001 -0.59770000 -0.90006000  0.36248001  0.36248001
N0Gln Hie Val Nme  0.30941999 -0.68204999  0.30941999  0.66149998 -0.60728002 -0.15352000  0.06123000  0.06123000 -0.11052000  0.07720000  0.07720000  0.10293000  0.06828000  0.66903001 -0.60588998 -0.90129000  0.36118999  0.36118999
N0Gln Ser Val Nme  0.31003001 -0.68190998  0.31003001  0.66053998 -0.60358000 -0.15429001  0.06114000  0.06114000 -0.11002000  0.07686000  0.07686000  0.10428000  0.07138000  0.66540998 -0.60873002 -0.90214998  0.36228001  0.36228001
N0Gln Asn Val Nme  0.30853999 -0.68374998  0.30853999  0.65925002 -0.59846002 -0.15355000  0.05873000  0.05873000 -0.10961000  0.08255000  0.08255000  0.10148000  0.06594000  0.67252999 -0.59179002 -0.90226001  0.36021000  0.36021000
N0Gln Leu Val Nme  0.31009000 -0.68186998  0.31009000  0.66022998 -0.60292000 -0.15401000  0.06065000  0.06065000 -0.11097000  0.07634000  0.07634000  0.10493000  0.06800000  0.66843998 -0.60759997 -0.90262997  0.36306000  0.36306000
