N0Glu Hip Val Nme  0.35534000 -0.88963997  0.11766000  0.01879000  0.64885998 -0.56409001 -0.05442000  0.05991000  0.05991000 -0.20967001  0.02913000  0.02913000  0.92049003 -0.84992999 -0.84992999  0.35534000
N0Glu Hie Val Nme  0.34689000 -0.88963997  0.11093000  0.01207000  0.66791999 -0.60345000 -0.06009000  0.06565000  0.06565000 -0.20421000  0.02035000  0.02035000  0.91237998 -0.84786999 -0.84786999  0.34689000
N0Glu Phe Val Nme  0.34746000 -0.88831001  0.10848000  0.01120000  0.66706002 -0.58985001 -0.05711000  0.06735000  0.06735000 -0.20516000  0.01895000  0.01895000  0.91250998 -0.84500003 -0.84500003  0.34746000
N0Glu Ala Val Nme  0.33868000 -0.88519001  0.09879000  0.01805000  0.67252999 -0.57599002 -0.05346000  0.06839000  0.06839000 -0.20670000  0.02171000  0.02171000  0.91266000 -0.84627998 -0.84627998  0.33868000
N0Glu Thr Val Nme  0.34081000 -0.89135999  0.10493000  0.01751000  0.66140002 -0.57205999 -0.05536000  0.06643000  0.06643000 -0.20738000  0.02458000  0.02458000  0.91263002 -0.84709001 -0.84709001  0.34081000
N0Glu Cyx Val Nme  0.35027000 -0.89534003  0.10841000  0.05767000  0.66613001 -0.60077000 -0.05428000  0.05055000  0.05055000 -0.20542000  0.02730000  0.02730000  0.90298998 -0.84929001 -0.84929001  0.35027000
N0Glu Glh Val Nme  0.34009001 -0.88879001  0.10179000  0.01386000  0.67280000 -0.57213998 -0.05512000  0.06737000  0.06737000 -0.21018000  0.02244000  0.02244000  0.91355997 -0.84486997 -0.84486997  0.34009001
N0Glu Hid Val Nme  0.34992999 -0.89036000  0.11481000  0.00854000  0.66499001 -0.59672999 -0.05871000  0.06706000  0.06706000 -0.20693000  0.01888000  0.01888000  0.91286999 -0.84309000 -0.84309000  0.34992999
N0Glu Asn Val Nme  0.34287000 -0.89205003  0.10656000  0.01599000  0.67052001 -0.57012999 -0.05307000  0.06577000  0.06577000 -0.20678000  0.02468000  0.02468000  0.91268999 -0.84702998 -0.84702998  0.34287000
N0Glu Glu Val Nme  0.34450000 -0.89499998  0.10321000  0.03596000  0.65780002 -0.60973001 -0.05359000  0.05185000  0.05185000 -0.20169000  0.02644000  0.02644000  0.90698999 -0.85539001 -0.85539001  0.34450000
N0Glu Ash Val Nme  0.34540999 -0.89392000  0.10847000  0.01657000  0.67098999 -0.57577002 -0.05410000  0.06581000  0.06581000 -0.20749000  0.02454000  0.02454000  0.91254002 -0.84599000 -0.84599000  0.34540999
N0Glu Trp Val Nme  0.34775999 -0.88927001  0.10964000  0.00979000  0.66850001 -0.59268999 -0.05797000  0.06670000  0.06670000 -0.20545000  0.01925000  0.01925000  0.91272998 -0.84643000 -0.84643000  0.34775999
N0Glu Arg Val Nme  0.33949000 -0.88459003  0.10658000  0.02968000  0.65287000 -0.56248999 -0.05364000  0.06635000  0.06635000 -0.21345000  0.02426000  0.02426000  0.91192001 -0.83956999 -0.83956999  0.33949000
N0Glu Asp Val Nme  0.33805001 -0.89732998  0.10493000  0.01988000  0.66460002 -0.62076998 -0.05613000  0.06108000  0.06108000 -0.19625001  0.02685000  0.02685000  0.90934998 -0.85970002 -0.85970002  0.33805001
N0Glu Pro Val Nme  0.35734999 -0.92351002  0.12942000  0.01292000  0.67339998 -0.57946998 -0.05394000  0.06864000  0.06864000 -0.20490000  0.01720000  0.01720000  0.91273999 -0.84508997 -0.84508997  0.35734999
N0Glu Val Val Nme  0.34852001 -0.89073002  0.11084000  0.01126000  0.66733003 -0.59992999 -0.05704000  0.06646000  0.06646000 -0.20592000  0.01943000  0.01943000  0.91213000 -0.84451002 -0.84451002  0.34852001
N0Glu Ser Val Nme  0.34253001 -0.88814002  0.10529000  0.01235000  0.67278999 -0.58802003 -0.05466000  0.06660000  0.06660000 -0.20711000  0.02099000  0.02099000  0.91240001 -0.84544998 -0.84544998  0.34253001
N0Glu Met Val Nme  0.34432000 -0.88990003  0.10680000  0.01439000  0.66681999 -0.58530998 -0.05504000  0.06590000  0.06590000 -0.20773000  0.02219000  0.02219000  0.91294002 -0.84491998 -0.84491998  0.34432000
N0Glu Tyr Val Nme  0.35099000 -0.89485002  0.11426000  0.00879000  0.66637999 -0.59640998 -0.05930000  0.06593000  0.06593000 -0.20626000  0.01922000  0.01922000  0.91249001 -0.84434003 -0.84434003  0.35099000
N0Glu Leu Val Nme  0.34889999 -0.89007002  0.11234000  0.00933000  0.66583002 -0.60112000 -0.05788000  0.06613000  0.06613000 -0.20547000  0.01975000  0.01975000  0.91181999 -0.84451997 -0.84451997  0.34889999
N0Glu Lyn Val Nme  0.34165001 -0.88949001  0.10358000  0.01534000  0.66658002 -0.57265002 -0.05435000  0.06741000  0.06741000 -0.20693000  0.02174000  0.02174000  0.91289001 -0.84584999 -0.84584999  0.34165001
N0Glu Gln Val Nme  0.33826000 -0.88957000  0.10051000  0.01643000  0.67185998 -0.56589001 -0.05285000  0.06639000  0.06639000 -0.20939000  0.02476000  0.02476000  0.91347998 -0.84604001 -0.84604001  0.33826000
N0Glu Gly Val Nme  0.34777999 -0.89339000  0.11243000  0.00864000  0.66710001 -0.58854002 -0.05764000  0.06690000  0.06690000 -0.20588000  0.02054000  0.02054000  0.91215998 -0.84517002 -0.84517002  0.34777999
N0Glu Cys Val Nme  0.34395999 -0.88920998  0.10704000  0.01662000  0.66518998 -0.57931000 -0.05466000  0.06755000  0.06755000 -0.20758000  0.02149000  0.02149000  0.91289997 -0.84465998 -0.84465998  0.34395999
N0Glu Ile Val Nme  0.34615001 -0.89010000  0.10770000  0.01307000  0.66868001 -0.59426999 -0.05717000  0.06736000  0.06736000 -0.20641001  0.01917000  0.01917000  0.91245002 -0.84468001 -0.84468001  0.34615001
N0Glu Lys Val Nme  0.34731999 -0.88568998  0.10797000  0.01315000  0.66712999 -0.57082999 -0.05378000  0.06786000  0.06786000 -0.21046001  0.01918000  0.01918000  0.91380000 -0.84056997 -0.84056997  0.34731999
