N0Glh Ala Val Nme  0.35512999 -0.88951999  0.10243000  0.02800000  0.66727000 -0.58813000 -0.07106000  0.07769000  0.07769000 -0.13351000  0.08776000  0.08776000  0.63879001 -0.54734999 -0.61265999  0.44396999  0.35512999
N0Glh Pro Val Nme  0.36019999 -0.90858001  0.12179000  0.02046000  0.66993999 -0.56848002 -0.07734000  0.08678000  0.08678000 -0.12729000  0.07638000  0.07638000  0.63499999 -0.53946000 -0.61574000  0.44506001  0.36019999
N0Glh Hid Val Nme  0.35824999 -0.89134997  0.10536000  0.02417000  0.66052997 -0.57383001 -0.07454000  0.07967000  0.07967000 -0.13236000  0.08653000  0.08653000  0.63783002 -0.54680002 -0.61259001  0.44514999  0.35824999
N0Glh Cys Val Nme  0.35650000 -0.88990998  0.10580000  0.02833000  0.66303998 -0.58159000 -0.07379000  0.08027000  0.08027000 -0.13344000  0.08643000  0.08643000  0.63822001 -0.54693001 -0.61212999  0.44487000  0.35650000
N0Glh Met Val Nme  0.35545000 -0.88849997  0.10405000  0.02705000  0.66531998 -0.58371001 -0.07376000  0.07888000  0.07888000 -0.13361999  0.08732000  0.08732000  0.63828999 -0.54690999 -0.61220998  0.44433999  0.35545000
N0Glh Phe Val Nme  0.36269000 -0.90338999  0.11032000  0.02346000  0.65866000 -0.57336003 -0.07553000  0.08012000  0.08012000 -0.13031000  0.08174000  0.08174000  0.63599002 -0.54307002 -0.61387998  0.44525999  0.36269000
N0Glh Ile Val Nme  0.35949999 -0.89240998  0.11058000  0.02098000  0.65687001 -0.57960999 -0.07877000  0.08056000  0.08056000 -0.13108000  0.08278000  0.08278000  0.63694000 -0.54475999 -0.61232001  0.44512999  0.35949999
N0Glh Tyr Val Nme  0.35905000 -0.89402998  0.10152000  0.02727000  0.65860998 -0.57590997 -0.07318000  0.07896000  0.07896000 -0.13157000  0.08531000  0.08531000  0.63767999 -0.54473001 -0.61350000  0.44409999  0.35905000
N0Glh Lys Val Nme  0.36254001 -0.88739997  0.11046000  0.02198000  0.65556002 -0.57160997 -0.07709000  0.08548000  0.08548000 -0.13091999  0.07697000  0.07697000  0.63485998 -0.52827001 -0.62133002  0.45061999  0.36254001
N0Glh Ser Val Nme  0.35824001 -0.88942999  0.10844000  0.02590000  0.66058999 -0.58525997 -0.07665000  0.07849000  0.07849000 -0.13215000  0.08562000  0.08562000  0.63770002 -0.54692000 -0.61183000  0.44457000  0.35824001
N0Glh Hie Val Nme  0.35799000 -0.89184999  0.10131000  0.02530000  0.66373998 -0.58437997 -0.07235000  0.07850000  0.07850000 -0.13248000  0.08716000  0.08716000  0.63771999 -0.54742002 -0.61500001  0.44360000  0.35799000
N0Glh Leu Val Nme  0.36226001 -0.89850998  0.11531000  0.02093000  0.65328002 -0.57739001 -0.07822000  0.07891000  0.07891000 -0.13167000  0.08265000  0.08265000  0.63597000 -0.54250002 -0.61267000  0.44543999  0.36226001
N0Glh Lyn Val Nme  0.35583002 -0.89095002  0.10291000  0.02777000  0.66762001 -0.58406001 -0.07233000  0.07818000  0.07818000 -0.13358000  0.08842001  0.08842001  0.63822001 -0.54878002 -0.61149001  0.44395000  0.35583002
N0Glh Glu Val Nme  0.35907000 -0.90000999  0.10666000  0.01605000  0.65947997 -0.59382999 -0.07173000  0.07198000  0.07198000 -0.13373000  0.09427000  0.09427000  0.64161003 -0.56265003 -0.61271000  0.43533999  0.35907000
N0Glh Gly Val Nme  0.36079002 -0.89598000  0.11104001  0.02387000  0.65078998 -0.57437002 -0.07552000  0.07873000  0.07873000 -0.13280999  0.08646000  0.08646000  0.63774002 -0.54663002 -0.61277002  0.44492999  0.36079002
N0Glh Asp Val Nme  0.35437000 -0.89934998  0.10264001  0.02843000  0.65860999 -0.61271000 -0.07041999  0.06652000  0.06652000 -0.13435000  0.09987000  0.09987000  0.64288998 -0.57203000 -0.60887003  0.43263999  0.35437000
N0Glh Ash Val Nme  0.35863998 -0.89273000  0.10441000  0.02919000  0.65938002 -0.56739998 -0.07239000  0.07709000  0.07709000 -0.13491000  0.09088000  0.09088000  0.63856000 -0.54999000 -0.61043000  0.44360000  0.35863998
N0Glh Asn Val Nme  0.35738999 -0.89409000  0.10066000  0.02875000  0.66518003 -0.56713998 -0.07181000  0.07778000  0.07778000 -0.13311000  0.08873000  0.08873000  0.63841999 -0.54659998 -0.61364001  0.44306001  0.35738999
N0Glh Cyx Val Nme  0.35901001 -0.89183003  0.10789000  0.02876000  0.66839999 -0.59012002 -0.07367000  0.07879000  0.07879000 -0.13315000  0.08780000  0.08780000  0.63848001 -0.54822999 -0.61160999  0.44437000  0.35901001
N0Glh Arg Val Nme  0.35565999 -0.88738001  0.11345000  0.02581000  0.64037001 -0.54224003 -0.07896000  0.08329000  0.08329000 -0.13383000  0.08375000  0.08375000  0.63599002 -0.53687000 -0.60961998  0.45021000  0.35565999
N0Glh Val Val Nme  0.35993001 -0.89253002  0.11138000  0.02142000  0.65546000 -0.57804000 -0.07972000  0.08040000  0.08040000 -0.13153000  0.08262000  0.08262000  0.63698000 -0.54471999 -0.61163002  0.44523001  0.35993001
N0Glh Thr Val Nme  0.35619000 -0.89050001  0.10656000  0.02776000  0.65841001 -0.57854998 -0.07274000  0.07638000  0.07638000 -0.13400000  0.08994000  0.08994000  0.63813001 -0.54869998 -0.61210001  0.44328001  0.35619000
N0Glh Glh Val Nme  0.35549000 -0.88700998  0.10301000  0.02763000  0.66552001 -0.57940000 -0.07315000  0.07822000  0.07822000 -0.13406000  0.08787000  0.08787000  0.63817000 -0.54839999 -0.60991001  0.44459999  0.35549000
N0Glh Gln Val Nme  0.35576001 -0.88949001  0.10533000  0.02580000  0.65882999 -0.57673001 -0.07377000  0.07755000  0.07755000 -0.13433000  0.08900000  0.08900000  0.63861001 -0.54851001 -0.61043000  0.44411001  0.35576001
N0Glh Trp Val Nme  0.35971999 -0.89493001  0.10523000  0.02171000  0.65596998 -0.57470000 -0.07523000  0.08048000  0.08048000 -0.13136999  0.08430000  0.08430000  0.63688999 -0.54435003 -0.61493999  0.44462001  0.35971999
N0Glh Hip Val Nme  0.36548001 -0.88885999  0.11289000  0.02457000  0.64844000 -0.55861998 -0.07692000  0.08861000  0.08861000 -0.13160001  0.07509000  0.07509000  0.63474000 -0.52761000 -0.61653000  0.45387000  0.36548001
