N0Hid Ala Val Nme  0.06249000  0.38716000 -0.30976999  0.30246001 -0.23523000 -0.04969000  0.06852000  0.06852000  0.11278000  0.07689000  0.66560000 -0.60439003 -0.90090001  0.36860001  0.30592999  0.04438000 -0.66521001  0.36860001
N0Hid Thr Val Nme  0.06268000  0.38690999 -0.30996001  0.30241999 -0.23504999 -0.04926000  0.06844000  0.06844000  0.11437000  0.07945000  0.66052002 -0.60196000 -0.89941001  0.36768001  0.30513000  0.04491000 -0.66610003  0.36768001
N0Hid Ser Val Nme  0.06309000  0.38688999 -0.31055999  0.30245000 -0.23446000 -0.04863000  0.07164000  0.07164000  0.11221000  0.07655000  0.66431999 -0.61124003 -0.89985001  0.36700001  0.30544999  0.04510000 -0.66659999  0.36700001
N0Hid Trp Val Nme  0.06233000  0.38593000 -0.31104001  0.30175999 -0.23043001 -0.05327000  0.07287000  0.07287000  0.10897000  0.07609000  0.66394001 -0.60039002 -0.89815003  0.36590001  0.30350000  0.04341000 -0.66571998  0.36590001
N0Hid Hie Val Nme  0.06223000  0.38473001 -0.30980000  0.30241999 -0.22978000 -0.05396000  0.07376000  0.07376000  0.11131000  0.07777000  0.66599000 -0.60721999 -0.89939999  0.36610001  0.30256000  0.04300000 -0.66655999  0.36610001
N0Hid Tyr Val Nme  0.06280000  0.38764000 -0.31020999  0.30164999 -0.23309000 -0.05359000  0.07239000  0.07239000  0.11056000  0.07537000  0.66407001 -0.59745997 -0.89822000  0.36738000  0.30546999  0.04355000 -0.66588002  0.36738000
N0Hid Pro Val Nme  0.06355000  0.38622999 -0.31239000  0.30188999 -0.22588000 -0.04614000  0.06625000  0.06625000  0.11836000  0.08090000  0.67513001 -0.60597003 -0.89765000  0.36618999  0.29581001  0.04197000 -0.66396999  0.36618999
N0Hid Arg Val Nme  0.06900000  0.39692000 -0.30847001  0.30489001 -0.23982000 -0.04461000  0.06598000  0.06598000  0.11813000  0.07942000  0.65223998 -0.57257003 -0.90210998  0.37222999  0.30221999  0.04128000 -0.66750997  0.37222999
N0Hid Glu Val Nme  0.05636000  0.38180000 -0.32227999  0.29076999 -0.22969000 -0.03704000  0.05861000  0.05861000  0.09805000  0.07900000  0.66908002 -0.63198000 -0.89660001  0.35157999  0.32032999  0.05632000 -0.65504998  0.35157999
N0Hid Gly Val Nme  0.06341000  0.38734999 -0.31149000  0.30188998 -0.23121000 -0.05192000  0.07225000  0.07225000  0.11131999  0.07863000  0.65676999 -0.59271997 -0.89923001  0.36711001  0.30346998  0.04303000 -0.66535002  0.36711001
N0Hid Hip Val Nme  0.07265000  0.40494001 -0.30712000  0.30728000 -0.24981000 -0.04595000  0.07032000  0.07032000  0.11729000  0.07924000  0.64668000 -0.56434000 -0.90521997  0.37522000  0.30489001  0.03517000 -0.65763998  0.37522000
N0Hid Leu Val Nme  0.06327000  0.38655001 -0.31057000  0.30181000 -0.23434000 -0.04713000  0.07388000  0.07388000  0.10848000  0.07381000  0.66772997 -0.61368001 -0.89919001  0.36542001  0.30359000  0.04456000 -0.66618001  0.36542001
N0Hid Val Val Nme  0.06281000  0.38736001 -0.31050000  0.30206999 -0.23367000 -0.04950000  0.07160000  0.07160000  0.11062000  0.07640000  0.66593999 -0.60916001 -0.89930999  0.36658999  0.30432999  0.04426000 -0.66586000  0.36658999
N0Hid Met Val Nme  0.06331000  0.38887000 -0.30972001  0.30243999 -0.23677000 -0.04882000  0.06789000  0.06789000  0.11239000  0.07698000  0.66509998 -0.60321999 -0.89893001  0.36844999  0.30660999  0.04458000 -0.66570002  0.36844999
N0Hid Cys Val Nme  0.06296000  0.38872001 -0.31057000  0.30230001 -0.23626000 -0.04825000  0.06836000  0.06836000  0.11337000  0.08088000  0.66244000 -0.60115999 -0.89886999  0.36765999  0.30642000  0.04469000 -0.66455001  0.36765999
N0Hid Cyx Val Nme  0.06646000  0.38766000 -0.31224999  0.29933000 -0.22676000 -0.03872000  0.05985000  0.05985000  0.11689000  0.07603000  0.68048000 -0.62114000 -0.90186000  0.36384001  0.30684000  0.04060000 -0.66108000  0.36384001
N0Hid Asp Val Nme  0.05221000  0.36886999 -0.31062001  0.30294999 -0.20492999 -0.05621000  0.07482000  0.07482000  0.10538000  0.07753000  0.66658998 -0.63638997 -0.89388001  0.35651001  0.28952000  0.04439000 -0.67457002  0.35651001
N0Hid Phe Val Nme  0.06290000  0.38729000 -0.31035000  0.30175000 -0.23278999 -0.05267000  0.07227000  0.07227000  0.11115000  0.07459000  0.66492999 -0.60004997 -0.89967001  0.36770001  0.30518001  0.04360000 -0.66606999  0.36770001
N0Hid Lys Val Nme  0.06918000  0.39866999 -0.30928999  0.30397999 -0.24727000 -0.04585000  0.07024000  0.07024000  0.11402000  0.07406000  0.66064000 -0.59050000 -0.90239000  0.37209001  0.30816999  0.04089000 -0.66058999  0.37209001
N0Hid Ash Val Nme  0.06304000  0.38821000 -0.31051001  0.30210999 -0.23401000 -0.05272000  0.07077000  0.07077000  0.11367000  0.08119000  0.66505003 -0.59087998 -0.89885002  0.36812001  0.30548999  0.04347000 -0.66487998  0.36812001
N0Hid Ile Val Nme  0.06274000  0.38716999 -0.31161001  0.30221000 -0.23285000 -0.05034000  0.07164000  0.07164000  0.11067000  0.07634000  0.66591001 -0.60878998 -0.89955998  0.36697999  0.30441001  0.04430000 -0.66570002  0.36697999
N0Hid Hid Val Nme  0.06282000  0.38758001 -0.31062001  0.30283001 -0.23289000 -0.05317000  0.07088000  0.07088000  0.11354000  0.07857000  0.66645998 -0.59847999 -0.89877999  0.36781001  0.30423000  0.04275000 -0.66469997  0.36781001
N0Hid Asn Val Nme  0.06225000  0.38672000 -0.31029999  0.30237001 -0.23157001 -0.05454000  0.07147000  0.07147000  0.11294000  0.07506000  0.67168999 -0.59293997 -0.89788997  0.36800000  0.30454999  0.04357000 -0.66657001  0.36800000
N0Hid Gln Val Nme  0.06392000  0.38957000 -0.30980000  0.30252999 -0.23834000 -0.04814000  0.06710000  0.06710000  0.11409000  0.07613000  0.65916997 -0.59556001 -0.89916998  0.36888999  0.30697000  0.04440000 -0.66560000  0.36888999
N0Hid Lyn Val Nme  0.06234000  0.38626000 -0.30941999  0.30269000 -0.23538999 -0.05055000  0.06683000  0.06683000  0.11319000  0.08238000  0.66391999 -0.60368001 -0.89959001  0.36748001  0.30537999  0.04456000 -0.66417003  0.36748001
N0Hid Glh Val Nme  0.06289000  0.38892999 -0.30974001  0.30254000 -0.23594999 -0.04833000  0.06841000  0.06841000  0.11312000  0.07703000  0.66561001 -0.59604001 -0.89921999  0.36849001  0.30636999  0.04411000 -0.66534001  0.36849001
