N0Hie Trp Val Nme  0.06057000  0.38643000 -0.65680999  0.28944001 -0.12841000  0.06812000  0.06812000  0.10272000  0.07799000  0.67531002 -0.60802001 -0.90539002  0.35723001 -0.24194001  0.18274000 -0.32104000  0.30089000  0.35723001
N0Hie Glh Val Nme  0.06490001  0.38802001 -0.65832001  0.28863999 -0.13166000  0.06752000  0.06752000  0.10886000  0.07550000  0.67765999 -0.60374999 -0.90447002  0.36114001 -0.24759000  0.18089999 -0.32016998  0.30278000  0.36114001
N0Hie Ser Val Nme  0.06188000  0.38619000 -0.65364999  0.29025000 -0.13019000  0.06673000  0.06673000  0.10930000  0.07495000  0.67855000 -0.61145997 -0.90503001  0.36014000 -0.24551000  0.18020000 -0.32124001  0.30118000  0.36014000
N0Hie Ash Val Nme  0.06106000  0.38760999 -0.65570998  0.28949002 -0.13009000  0.06876000  0.06876000  0.10825000  0.07583000  0.68122000 -0.59973001 -0.90448999  0.36057001 -0.24443000  0.18129000 -0.32076001  0.30067000  0.36057001
N0Hie Cyx Val Nme  0.06513000  0.38848999 -0.65989000  0.28874001 -0.13321000  0.06574000  0.06574000  0.11300000  0.07587000  0.68241000 -0.61506999 -0.90037000  0.36164999 -0.24675000  0.17881000 -0.31669000  0.30261001  0.36164999
N0Hie Pro Val Nme  0.06359000  0.39282000 -0.66658998  0.29453999 -0.13713001  0.06723000  0.06723000  0.11790000  0.07968000  0.67834002 -0.61129999 -0.89805001  0.36502999 -0.25363001  0.17770000 -0.31977001  0.30223000  0.36502999
N0Hie Ala Val Nme  0.06206000  0.38813999 -0.65754002  0.29256999 -0.13493000  0.06610000  0.06610000  0.11283000  0.07376000  0.67273003 -0.60786998 -0.90249002  0.36421999 -0.24819000  0.17893000 -0.32148999  0.30153999  0.36421999
N0Hie Hip Val Nme  0.07040000  0.39647001 -0.66126001  0.27261001 -0.12429000  0.07378000  0.07378000  0.10952000  0.08168000  0.66848999 -0.58263999 -0.91356999  0.36330000 -0.23939000  0.18207000 -0.31424999  0.30752000  0.36330000
N0Hie Glu Val Nme  0.06788000  0.39204001 -0.65898001  0.27853000 -0.12617000  0.05714000  0.05714000  0.10107000  0.07335000  0.67372000 -0.62848997 -0.89806003  0.35257000 -0.24364001  0.18128000 -0.31597999  0.30632999  0.35257000
N0Hie Thr Val Nme  0.06158000  0.38701999 -0.66039997  0.29258001 -0.13521001  0.06801000  0.06801000  0.11296000  0.07658000  0.66924000 -0.60707998 -0.90245998  0.36403000 -0.24760001  0.18114000 -0.32148999  0.30160001  0.36403000
N0Hie Asn Val Nme  0.06051000  0.38795999 -0.65856999  0.29268000 -0.13529999  0.06962000  0.06962000  0.10807000  0.07699000  0.67711997 -0.59749001 -0.90087002  0.36140999 -0.24709999  0.18069001 -0.32124001  0.30090001  0.36140999
N0Hie Hie Val Nme  0.06011000  0.38540000 -0.65500999  0.29205999 -0.12989999  0.06714000  0.06714000  0.10525000  0.07684000  0.68063003 -0.61211997 -0.90258002  0.35710001 -0.24454001  0.18158001 -0.32139000  0.30024999  0.35710001
N0Hie Gln Val Nme  0.06258000  0.38567001 -0.65818000  0.29258999 -0.13231000  0.06821000  0.06821000  0.10834000  0.07730000  0.67486000 -0.61194998 -0.90425002  0.36109999 -0.24711999  0.18152000 -0.32141000  0.30153999  0.36109999
N0Hie Lys Val Nme  0.06681000  0.39399999 -0.65924001  0.27936000 -0.12838000  0.07213000  0.07213000  0.10920000  0.07632000  0.67387003 -0.59886998 -0.91048002  0.36168000 -0.24297000  0.18105000 -0.31648001  0.30563000  0.36168000
N0Hie Arg Val Nme  0.05519000  0.37560001 -0.65478998  0.30008000 -0.13855000  0.07315000  0.07315000  0.11756000  0.07410000  0.66837001 -0.58635002 -0.90390003  0.36855999 -0.24438999  0.18423000 -0.32600000  0.29949001  0.36855999
N0Hie Phe Val Nme  0.06156000  0.38745001 -0.66083997  0.29091999 -0.13361999  0.06985000  0.06985000  0.10632000  0.08069000  0.67075998 -0.60562003 -0.90359002  0.36111000 -0.24503000  0.18263000 -0.32141000  0.30096999  0.36111000
N0Hie Val Val Nme  0.06213000  0.39186001 -0.66452003  0.29209000 -0.13672000  0.07265000  0.07265000  0.10782000  0.07817000  0.66746002 -0.61194003 -0.89783001  0.36274001 -0.25154999  0.17905000 -0.32120001  0.30190000  0.36274001
N0Hie Met Val Nme  0.06182000  0.38497001 -0.65846997  0.29051000 -0.13174000  0.06825000  0.06825000  0.10928000  0.07900000  0.67157000 -0.61157000 -0.90529001  0.36183000 -0.24521001  0.18284001 -0.32179001  0.30197999  0.36183000
N0Hie Lyn Val Nme  0.06216000  0.38758001 -0.66048998  0.29115000 -0.13456001  0.06812000  0.06812000  0.11014000  0.07627000  0.67517000 -0.61196000 -0.90212000  0.36166000 -0.24750000  0.18054999 -0.32025001  0.30239001  0.36166000
N0Hie Tyr Val Nme  0.06017000  0.38602001 -0.65684003  0.28896999 -0.12808999  0.06836000  0.06836000  0.10380000  0.07806000  0.67690003 -0.60813999 -0.90538001  0.35863000 -0.24132000  0.18298000 -0.32067999  0.30081999  0.35863000
N0Hie Hid Val Nme  0.06145000  0.38485000 -0.65665000  0.28995002 -0.12926000  0.06943000  0.06943000  0.10528000  0.07831000  0.67575997 -0.60180002 -0.90539002  0.35909000 -0.24298000  0.18339001 -0.32177001  0.30061001  0.35909000
N0Hie Cys Val Nme  0.06251000  0.38969001 -0.66124999  0.28941000 -0.13401000  0.06816000  0.06816000  0.11222000  0.07991000  0.66825998 -0.60637999 -0.90386999  0.36453000 -0.24654999  0.18074000 -0.32005000  0.30260000  0.36453000
N0Hie Gly Val Nme  0.06202000  0.38775000 -0.65816999  0.29212999 -0.13359000  0.06790000  0.06790000  0.11024000  0.07684000  0.66904998 -0.60600001 -0.90325999  0.36175001 -0.24616000  0.17986999 -0.32093999  0.30113000  0.36175001
N0Hie Leu Val Nme  0.06233000  0.39148000 -0.66364998  0.29146999 -0.13705000  0.07216000  0.07216000  0.10794000  0.07756000  0.66707999 -0.61018002 -0.89772999  0.36328000 -0.25095001  0.17857000 -0.32089001  0.30230999  0.36328000
N0Hie Ile Val Nme  0.06240000  0.39065000 -0.66285002  0.29324999 -0.13872001  0.07085000  0.07085000  0.10952000  0.07911000  0.66789001 -0.60878003 -0.90003997  0.36351001 -0.25016001  0.17958000 -0.32084000  0.30160999  0.36351001
N0Hie Asp Val Nme  0.05238000  0.37536001 -0.65392000  0.30550000 -0.13232000  0.05973000  0.05973000  0.10408000  0.07639000  0.67219001 -0.64200002 -0.89482999  0.35284999 -0.24308001  0.18361001 -0.32615000  0.29317999  0.35284999
