N0Hip Hip Val Nme  0.27179000  0.00016000 -0.14216000  0.36006001 -0.06841000 -0.07605000  0.10764000  0.10764000  0.12018000  0.06993000  0.65239000 -0.58301002 -0.91060001  0.38130000 -0.09672000  0.24592000 -0.12554000  0.36838001  0.38130000
N0Hip Hid Val Nme  0.26265001 -0.02002000 -0.14075001  0.35666001 -0.05105000 -0.08125000  0.10438000  0.10438000  0.12025000  0.06488000  0.66166002 -0.62919003 -0.90849000  0.38119000 -0.09983000  0.25334001 -0.12780000  0.36219001  0.38119000
N0Hip Asn Val Nme  0.26229000 -0.01750000 -0.14069000  0.35780001 -0.04719000 -0.08693000  0.10628000  0.10628000  0.11968000  0.06446000  0.66820002 -0.60211003 -0.90666997  0.37836000 -0.10792000  0.24719000 -0.12598000  0.36250001  0.37836000
N0Hip Asp Val Nme  0.24928000 -0.05169000 -0.13873001  0.35025000 -0.03953000 -0.07509000  0.09343000  0.09343000  0.11961000  0.06024000  0.65376001 -0.68365997 -0.90919000  0.38113999 -0.08617000  0.26877999 -0.12446000  0.35405999  0.38113999
N0Hip Val Val Nme  0.26396001 -0.01210000 -0.13939001  0.36175001 -0.04453000 -0.08655000  0.11092000  0.11092000  0.11041000  0.06911000  0.66197997 -0.59271002 -0.90610999  0.37142000 -0.12401000  0.23952000 -0.12646000  0.36414001  0.37142000
N0Hip Cys Val Nme  0.26411000 -0.01541000 -0.13969000  0.35989001 -0.04952000 -0.08671000  0.10450000  0.10450000  0.12152000  0.07280000  0.65463001 -0.59830999 -0.91026998  0.37935999 -0.11312000  0.24652000 -0.12592000  0.36430001  0.37935999
N0Hip Lys Val Nme  0.26901999 -0.00506000 -0.13908000  0.36302999 -0.05881000 -0.07815000  0.10562000  0.10562000  0.11697000  0.07091000  0.65872002 -0.60674000 -0.90925002  0.37959000 -0.10727000  0.24480000 -0.12750000  0.36704999  0.37959000
N0Hip Ala Val Nme  0.26359999 -0.01490000 -0.14055000  0.36003000 -0.04500000 -0.08729000  0.10626000  0.10626000  0.11777000  0.07084000  0.65476000 -0.60070002 -0.91154998  0.37766999 -0.11648000  0.24335000 -0.12685999  0.36372000  0.37766999
N0Hip Ash Val Nme  0.26381999 -0.01901000 -0.14155000  0.35606000 -0.05307000 -0.08315000  0.10420000  0.10420000  0.12403000  0.06355000  0.66434998 -0.61491000 -0.90799999  0.38201001 -0.09794000  0.25044999 -0.12510000  0.36210999  0.38201001
N0Hip Ser Val Nme  0.26411000 -0.01794000 -0.13849000  0.36041001 -0.04994000 -0.08214999  0.10223000  0.10223000  0.12264000  0.06998001  0.65587002 -0.63248998 -0.90693003  0.38108999 -0.10440000  0.24839001 -0.12850000  0.36229000  0.38108999
N0Hip Hie Val Nme  0.26262000 -0.02031000 -0.14100000  0.35576999 -0.05003000 -0.08375000  0.10282000  0.10282000  0.11875000  0.06446000  0.66062999 -0.62405002 -0.90447003  0.37774000 -0.09936000  0.25116000 -0.12603000  0.36212000  0.37774000
N0Hip Trp Val Nme  0.26256999 -0.02009000 -0.14103000  0.35589999 -0.05072000 -0.08215000  0.10376000  0.10376000  0.11664000  0.06364000  0.65986002 -0.62383997 -0.90763003  0.37836000 -0.09889000  0.25200001 -0.12620000  0.36188999  0.37836000
N0Hip Thr Val Nme  0.26282001 -0.01720000 -0.14035000  0.36021999 -0.04483000 -0.08810000  0.10493000  0.10493000  0.12092000  0.07128000  0.65234000 -0.60149002 -0.90846002  0.37899000 -0.11381000  0.24596000 -0.12725000  0.36300999  0.37899000
N0Hip Cyx Val Nme  0.26973999 -0.00101000 -0.12793000  0.36568999 -0.04675000 -0.08530000  0.09849000  0.09849000  0.13251001  0.07882000  0.63977999 -0.59126001 -0.90293997  0.38448000 -0.12609000  0.23458000 -0.12965999  0.36226002  0.38448000
N0Hip Met Val Nme  0.26356000 -0.01832000 -0.14142001  0.35791001 -0.04899000 -0.08390000  0.10420000  0.10420000  0.11937000  0.06710000  0.65454000 -0.61691999 -0.90701002  0.37996000 -0.10652000  0.25003999 -0.12720001  0.36414999  0.37996000
N0Hip Gln Val Nme  0.26391000 -0.01853000 -0.13889000  0.36100999 -0.04724000 -0.08405000  0.10357000  0.10357000  0.12214000  0.06729000  0.65205002 -0.62703001 -0.90653002  0.38244000 -0.10879000  0.24896000 -0.12909999  0.36267999  0.38244000
N0Hip Leu Val Nme  0.26255000 -0.01208000 -0.14079000  0.36089000 -0.04456000 -0.08618000  0.11158000  0.11158000  0.11021000  0.07071000  0.66342998 -0.59737003 -0.91200000  0.37171999 -0.12290000  0.23981001 -0.12634000  0.36418000  0.37171999
N0Hip Pro Val Nme  0.26515999 -0.01282000 -0.14008001  0.36135000 -0.04248000 -0.08384000  0.10631000  0.10631000  0.11826000  0.06753000  0.66740000 -0.58798999 -0.90224999  0.37343001 -0.12646000  0.23920999 -0.12626000  0.36370998  0.37343001
N0Hip Tyr Val Nme  0.26328999 -0.02035000 -0.14161000  0.35569000 -0.05067000 -0.08213000  0.10395000  0.10395000  0.11797000  0.06408000  0.66064000 -0.62339997 -0.90693003  0.37944999 -0.09909000  0.25160000 -0.12572999  0.36216000  0.37944999
N0Hip Arg Val Nme  0.26843000 -0.01811000 -0.13620999  0.36710000 -0.04317000 -0.08722999  0.11038000  0.11038000  0.12809000  0.06573000  0.64675999 -0.59727001 -0.91022002  0.38896001 -0.11833000  0.24465001 -0.13342000  0.36188001  0.38896001
N0Hip Glh Val Nme  0.26519999 -0.01827000 -0.14248000  0.35719001 -0.05080000 -0.08556000  0.10400000  0.10400000  0.12349000  0.06515000  0.65380001 -0.60757000 -0.90872997  0.38291999 -0.10592000  0.24976000 -0.12505000  0.36530000  0.38291999
N0Hip Gly Val Nme  0.26557001 -0.01447000 -0.14098001  0.35912001 -0.04420000 -0.09101000  0.10687000  0.10687000  0.12111000  0.06665000  0.64814001 -0.57770002 -0.90473002  0.37986001 -0.11544001  0.24304999 -0.12668000  0.36364999  0.37986001
N0Hip Phe Val Nme  0.26321000 -0.01742000 -0.14053001  0.35839000 -0.04769000 -0.08503000  0.10603000  0.10603000  0.11512000  0.06751000  0.66202998 -0.60869998 -0.90684998  0.37698001 -0.10882000  0.24826001 -0.12733001  0.36309001  0.37698001
N0Hip Ile Val Nme  0.26484001 -0.01229000 -0.13963000  0.36105999 -0.04452000 -0.08905000  0.10938000  0.10938000  0.11274000  0.06922000  0.66118997 -0.58629000 -0.90333998  0.37327999 -0.12083000  0.24034000 -0.12659000  0.36388001  0.37327999
N0Hip Lyn Val Nme  0.26433000 -0.01708000 -0.14038000  0.35914999 -0.04616000 -0.08722000  0.10541000  0.10541000  0.11982000  0.06679000  0.65006000 -0.59142000 -0.90733999  0.37933001 -0.11293000  0.24563999 -0.12675001  0.36346000  0.37933001
N0Hip Glu Val Nme  0.25523999 -0.02943000 -0.13877000  0.35602000 -0.03974000 -0.08225000  0.10925000  0.10925000  0.10308000  0.06563000  0.64828998 -0.58613998 -0.89965999  0.36599001 -0.11538000  0.24354000 -0.12079000  0.36596999  0.36599001
