N0Ile Val Val Nme  0.36284000 -0.90547001  0.12253000  0.01451000  0.65985000 -0.58753002 -0.05537000  0.05009000 -0.09560000  0.03921000  0.03921000  0.03921000 -0.07977000  0.05554000  0.05554000 -0.09279000  0.03260000  0.03260000  0.03260000  0.36284000
N0Ile Hie Val Nme  0.36142999 -0.90165001  0.11869000  0.01779000  0.65798002 -0.58257002 -0.05616000  0.04955000 -0.09618000  0.03805000  0.03805000  0.03805000 -0.07747000  0.05605000  0.05605000 -0.09351000  0.03291000  0.03291000  0.03291000  0.36142999
N0Ile Gln Val Nme  0.36407000 -0.90419000  0.12052000  0.01870000  0.65960997 -0.58717000 -0.05427000  0.04854000 -0.09704000  0.03927000  0.03927000  0.03927000 -0.07866000  0.05491000  0.05491000 -0.09440000  0.03308000  0.03308000  0.03308000  0.36407000
N0Ile Glu Val Nme  0.35324001 -0.89507002  0.11193000  0.01564000  0.66185999 -0.60202998 -0.05697000  0.05562000 -0.09406000  0.03119000  0.03119000  0.03119000 -0.07736000  0.06082000  0.06082000 -0.09323000  0.03285000  0.03285000  0.03285000  0.35324001
N0Ile Cys Val Nme  0.36427999 -0.90373999  0.12195000  0.02161000  0.66027999 -0.59184003 -0.05577000  0.05069000 -0.09744000  0.03840000  0.03840000  0.03840000 -0.07598000  0.05572000  0.05572000 -0.09463000  0.03289000  0.03289000  0.03289000  0.36427999
N0Ile Ile Val Nme  0.36320001 -0.90542000  0.12235000  0.01475000  0.65999001 -0.58771002 -0.05496000  0.04963000 -0.09548000  0.03930000  0.03930000  0.03930000 -0.08001000  0.05519000  0.05519000 -0.09305000  0.03270000  0.03270000  0.03270000  0.36320001
N0Ile Ash Val Nme  0.36388999 -0.89965999  0.11934000  0.02461000  0.65794998 -0.57205999 -0.05672000  0.04571000 -0.09745000  0.03853000  0.03853000  0.03853000 -0.07648000  0.05669000  0.05669000 -0.09425000  0.03330000  0.03330000  0.03330000  0.36388999
N0Ile Asp Val Nme  0.34854001 -0.88884002  0.10367000  0.03211000  0.66281003 -0.61541998 -0.05714000  0.06525000 -0.09382000  0.02954000  0.02954000  0.02954000 -0.07546000  0.05794000  0.05794000 -0.09044000  0.02580000  0.02580000  0.02580000  0.34854001
N0Ile Glh Val Nme  0.36499000 -0.90447003  0.12192000  0.01787000  0.65944999 -0.57848001 -0.05432000  0.04513000 -0.09744000  0.03862000  0.03862000  0.03862000 -0.07885000  0.05829000  0.05829000 -0.09442000  0.03293000  0.03293000  0.03293000  0.36499000
N0Ile Leu Val Nme  0.36315000 -0.90535998  0.12241000  0.01492000  0.65741998 -0.58493000 -0.05532000  0.04998000 -0.09558000  0.03935000  0.03935000  0.03935000 -0.07944000  0.05516000  0.05516000 -0.09312000  0.03290000  0.03290000  0.03290000  0.36315000
N0Ile Arg Val Nme  0.37153000 -0.90631002  0.12670000  0.02094000  0.64832997 -0.56235999 -0.05148000  0.03792000 -0.10031000  0.04289000  0.04289000  0.04289000 -0.07958000  0.05796000  0.05796000 -0.09267000  0.03036000  0.03036000  0.03036000  0.37153000
N0Ile Trp Val Nme  0.36241999 -0.90118003  0.11949000  0.01830000  0.65763998 -0.58520001 -0.05627000  0.04800000 -0.09703000  0.03746000  0.03746000  0.03746000 -0.07603000  0.05747000  0.05747000 -0.09390000  0.03281000  0.03281000  0.03281000  0.36241999
N0Ile Lys Val Nme  0.36860999 -0.91084999  0.12994000  0.01296000  0.64529002 -0.56866002 -0.05601000  0.04699000 -0.09751000  0.04312000  0.04312000  0.04312000 -0.07909000  0.05354000  0.05354000 -0.09488000  0.03761000  0.03761000  0.03761000  0.36860999
N0Ile Pro Val Nme  0.35846999 -0.90215999  0.12381000  0.01376000  0.67223001 -0.56794000 -0.05432000  0.06623000 -0.10007000  0.03892000  0.03892000  0.03892000 -0.07960000  0.05406000  0.05406000 -0.09215000  0.03139000  0.03139000  0.03139000  0.35846999
N0Ile Gly Val Nme  0.36364999 -0.90504998  0.12234000  0.01478000  0.65695000 -0.58414000 -0.05497000  0.04862000 -0.09705001  0.03769000  0.03769000  0.03769000 -0.07849000  0.05941000  0.05941000 -0.09350000  0.03186000  0.03186000  0.03186000  0.36364999
N0Ile Ala Val Nme  0.36305001 -0.90262997  0.11984000  0.01920000  0.66092002 -0.58976001 -0.05528000  0.04785000 -0.09730000  0.03774000  0.03774000  0.03774000 -0.07689000  0.05765000  0.05765000 -0.09388000  0.03200000  0.03200000  0.03200000  0.36305001
N0Ile Tyr Val Nme  0.36267000 -0.89854998  0.11817000  0.02066000  0.65667999 -0.58298999 -0.05607000  0.04575000 -0.09763000  0.03812000  0.03812000  0.03812000 -0.07591000  0.05690000  0.05690000 -0.09397000  0.03325000  0.03325000  0.03325000  0.36267000
N0Ile Asn Val Nme  0.36269999 -0.89835000  0.11817000  0.02174000  0.66049999 -0.57141000 -0.05626000  0.04602000 -0.09732000  0.03751000  0.03751000  0.03751000 -0.07638000  0.05783000  0.05783000 -0.09376000  0.03248000  0.03248000  0.03248000  0.36269999
N0Ile Thr Val Nme  0.36379000 -0.90386999  0.12159000  0.02129000  0.65986001 -0.59126002 -0.05580000  0.04860000 -0.09695000  0.03810000  0.03810000  0.03810000 -0.07756000  0.05716000  0.05716000 -0.09402000  0.03210000  0.03210000  0.03210000  0.36379000
N0Ile Met Val Nme  0.36399001 -0.90287000  0.11950000  0.02018000  0.66136998 -0.58880001 -0.05400000  0.04350000 -0.09748000  0.03861000  0.03861000  0.03861000 -0.07873000  0.05808000  0.05808000 -0.09416000  0.03247000  0.03247000  0.03247000  0.36399001
N0Ile Lyn Val Nme  0.36434001 -0.90437001  0.12003000  0.01970000  0.66237003 -0.59009999 -0.05515000  0.04508000 -0.09730000  0.03822000  0.03822000  0.03822000 -0.07787000  0.05768000  0.05768000 -0.09406000  0.03256000  0.03256000  0.03256000  0.36434001
N0Ile Hip Val Nme  0.37474001 -0.91469997  0.13524000  0.01209000  0.64016998 -0.55397999 -0.05514000  0.04120000 -0.10053000  0.04385000  0.04385000  0.04385000 -0.07686000  0.05731000  0.05731000 -0.09614000  0.03854000  0.03854000  0.03854000  0.37474001
N0Ile Hid Val Nme  0.36377999 -0.90166998  0.12116000  0.01618000  0.65683001 -0.57176000 -0.05661000  0.04777000 -0.09636000  0.03863000  0.03863000  0.03863000 -0.07748000  0.05591000  0.05591000 -0.09368000  0.03322000  0.03322000  0.03322000  0.36377999
N0Ile Ser Val Nme  0.36300999 -0.90267998  0.12153000  0.01731000  0.66009998 -0.58560997 -0.05559000  0.05027000 -0.09694000  0.03761000  0.03761000  0.03761000 -0.07727000  0.05803000  0.05803000 -0.09368000  0.03218000  0.03218000  0.03218000  0.36300999
N0Ile Cyx Val Nme  0.36421001 -0.90125000  0.12086000  0.02420000  0.66158998 -0.59437001 -0.05635000  0.05147000 -0.09799000  0.03913000  0.03913000  0.03913000 -0.07468000  0.05417000  0.05417000 -0.09673000  0.03302000  0.03302000  0.03302000  0.36421001
N0Ile Phe Val Nme  0.36322001 -0.90228999  0.12011000  0.01801000  0.65772003 -0.57870001 -0.05718000  0.04946000 -0.09648000  0.03844000  0.03844000  0.03844000 -0.07684000  0.05574000  0.05574000 -0.09389000  0.03318000  0.03318000  0.03318000  0.36322001
