N0Leu Ash Val Nme  0.36521000 -0.90864003  0.12370000  0.02026000  0.65231001 -0.56037998 -0.07724000  0.06079000  0.06079000 -0.06987000  0.05272000 -0.09310000  0.03538000  0.03538000  0.03538000 -0.09310000  0.03538000  0.03538000  0.03538000  0.36521000
N0Leu Val Val Nme  0.36280998 -0.90740001  0.12231000  0.01925000  0.65533000 -0.58298999 -0.07546000  0.06057000  0.06057000 -0.06965000  0.05192000 -0.09304000  0.03513000  0.03513000  0.03513000 -0.09304000  0.03513000  0.03513000  0.03513000  0.36280998
N0Leu Lys Val Nme  0.36611000 -0.91355002  0.12846001  0.01505000  0.64181000 -0.55619001 -0.07576000  0.06418000  0.06418000 -0.07110000  0.05447000 -0.09312000  0.03714000  0.03714000  0.03714000 -0.09312000  0.03714000  0.03714000  0.03714000  0.36611000
N0Leu Thr Val Nme  0.36465999 -0.91033000  0.12393000  0.02215000  0.65590000 -0.58508998 -0.07438000  0.05841000  0.05841000 -0.07037000  0.05272000 -0.09300000  0.03527000  0.03527000  0.03527000 -0.09300000  0.03527000  0.03527000  0.03527000  0.36465999
N0Leu Arg Val Nme  0.37211999 -0.91204000  0.13110999  0.01884000  0.64403999 -0.55860001 -0.07080000  0.05137000  0.05137000 -0.07256000  0.06257999 -0.09269000  0.03584000  0.03584000  0.03584000 -0.09269000  0.03584000  0.03584000  0.03584000  0.37211999
N0Leu Glu Val Nme  0.35306000 -0.90240997  0.11209000  0.01626000  0.65788001 -0.58643002 -0.07734000  0.06834000  0.06834000 -0.06801000  0.04281000 -0.09218000  0.03320000  0.03320000  0.03320000 -0.09218000  0.03320000  0.03320000  0.03320000  0.35306000
N0Leu Ala Val Nme  0.36416000 -0.91110998  0.12230000  0.02106000  0.65657997 -0.58241999 -0.07438000  0.05887000  0.05887000 -0.07108000  0.05238000 -0.09289000  0.03526000  0.03526000  0.03526000 -0.09289000  0.03526000  0.03526000  0.03526000  0.36416000
N0Leu Tyr Val Nme  0.36491999 -0.91127998  0.12266000  0.01979000  0.64885998 -0.57002002 -0.07659000  0.06093000  0.06093000 -0.07021000  0.05193000 -0.09300000  0.03531000  0.03531000  0.03531000 -0.09300000  0.03531000  0.03531000  0.03531000  0.36491999
N0Leu Met Val Nme  0.36302000 -0.90402001  0.12005000  0.02345000  0.65855003 -0.58415997 -0.07324000  0.05663000  0.05663000 -0.07114000  0.05398000 -0.09318000  0.03546000  0.03546000  0.03546000 -0.09318000  0.03546000  0.03546000  0.03546000  0.36302000
N0Leu Asp Val Nme  0.34783000 -0.88942999  0.10462000  0.02870000  0.65842003 -0.61439001 -0.07438000  0.06284000  0.06284000 -0.06935000  0.04421000 -0.09090000  0.03138000  0.03138000  0.03138000 -0.09090000  0.03138000  0.03138000  0.03138000  0.34783000
N0Leu Ile Val Nme  0.36230999 -0.90696001  0.12261000  0.01729000  0.65660000 -0.58288997 -0.07506000  0.06109000  0.06109000 -0.07003000  0.05193000 -0.09282000  0.03509000  0.03509000  0.03509000 -0.09282000  0.03509000  0.03509000  0.03509000  0.36230999
N0Leu Asn Val Nme  0.36387000 -0.90614003  0.12145000  0.02053000  0.65368003 -0.56193000 -0.07714000  0.06005000  0.06005000 -0.07005000  0.05277000 -0.09291000  0.03501000  0.03501000  0.03501000 -0.09291000  0.03501000  0.03501000  0.03501000  0.36387000
N0Leu Phe Val Nme  0.36296001 -0.90441001  0.11957000  0.02202000  0.65382999 -0.57546997 -0.07679000  0.06012000  0.06012000 -0.07110000  0.05355000 -0.09287000  0.03521000  0.03521000  0.03521000 -0.09287000  0.03521000  0.03521000  0.03521000  0.36296001
N0Leu Gly Val Nme  0.36357000 -0.90939999  0.12353999  0.01816999  0.64982003 -0.57622999 -0.07453000  0.06046000  0.06046000 -0.07010001  0.05212999 -0.09292000  0.03517999  0.03517999  0.03517999 -0.09292000  0.03517999  0.03517999  0.03517999  0.36357000
N0Leu Hip Val Nme  0.37061000 -0.91571999  0.13352001  0.01799000  0.63722998 -0.54797000 -0.07668000  0.06397000  0.06397000 -0.07150000  0.05640000 -0.09363000  0.03818000  0.03818000  0.03818000 -0.09363000  0.03818000  0.03818000  0.03818000  0.37061000
N0Leu Leu Val Nme  0.36282000 -0.91099000  0.12196000  0.01691000  0.65705001 -0.58041000 -0.07389000  0.06122000  0.06122000 -0.07130000  0.05368000 -0.09230000  0.03503000  0.03503000  0.03503000 -0.09230000  0.03503000  0.03503000  0.03503000  0.36282000
N0Leu Cys Val Nme  0.36482999 -0.90930003  0.12371000  0.02313000  0.65675002 -0.58525997 -0.07444000  0.05916000  0.05916000 -0.07078000  0.05279000 -0.09316000  0.03560000  0.03560000  0.03560000 -0.09316000  0.03560000  0.03560000  0.03560000  0.36482999
N0Leu Lyn Val Nme  0.36442000 -0.91035998  0.12190000  0.01967000  0.65693003 -0.57960999 -0.07360000  0.05839000  0.05839000 -0.07053000  0.05304000 -0.09296000  0.03524000  0.03524000  0.03524000 -0.09296000  0.03524000  0.03524000  0.03524000  0.36442000
N0Leu Ser Val Nme  0.36445999 -0.91220999  0.12496000  0.01866000  0.65459001 -0.57889003 -0.07494000  0.06090000  0.06090000 -0.07031000  0.05257000 -0.09260000  0.03510000  0.03510000  0.03510000 -0.09260000  0.03510000  0.03510000  0.03510000  0.36445999
N0Leu Glh Val Nme  0.36629999 -0.91289002  0.12572999  0.01870000  0.65507001 -0.57586002 -0.07378000  0.05868000  0.05868000 -0.07080000  0.05320000 -0.09325000  0.03560000  0.03560000  0.03560000 -0.09325000  0.03560000  0.03560000  0.03560000  0.36629999
N0Leu Cyx Val Nme  0.36515999 -0.91474003  0.12427000  0.01560000  0.66811001 -0.58705997 -0.07223000  0.06311000  0.06311000 -0.07399000  0.05014000 -0.09181000  0.03554000  0.03554000  0.03554000 -0.09181000  0.03554000  0.03554000  0.03554000  0.36515999
N0Leu Pro Val Nme  0.36750999 -0.91815001  0.13352001  0.01860000  0.66744000 -0.57651001 -0.07355000  0.05762000  0.05762000 -0.06958000  0.05672000 -0.09206000  0.03399000  0.03399000  0.03399000 -0.09206000  0.03399000  0.03399000  0.03399000  0.36750999
N0Leu Gln Val Nme  0.36414000 -0.90793002  0.12242000  0.01966000  0.65411001 -0.58137000 -0.07343000  0.05780000  0.05780000 -0.07043000  0.05309000 -0.09311000  0.03555000  0.03555000  0.03555000 -0.09311000  0.03555000  0.03555000  0.03555000  0.36414000
N0Leu Trp Val Nme  0.36392000 -0.91123998  0.12212000  0.01882000  0.65253001 -0.57495999 -0.07633000  0.06087000  0.06087000 -0.07052000  0.05296000 -0.09260000  0.03499000  0.03499000  0.03499000 -0.09260000  0.03499000  0.03499000  0.03499000  0.36392000
N0Leu Hie Val Nme  0.36335999 -0.91200000  0.12230000  0.01819000  0.65236998 -0.57385999 -0.07636000  0.06188000  0.06188000 -0.06960000  0.05073000 -0.09285000  0.03503000  0.03503000  0.03503000 -0.09285000  0.03503000  0.03503000  0.03503000  0.36335999
N0Leu Hid Val Nme  0.36565000 -0.90987003  0.12406000  0.02023000  0.65296000 -0.57112998 -0.07684000  0.06052000  0.06052000 -0.06967000  0.05281000 -0.09308000  0.03517000  0.03517000  0.03517000 -0.09308000  0.03517000  0.03517000  0.03517000  0.36565000
