N0Met Tyr Val Nme  0.36469000 -0.90605998  0.11726000  0.01429000  0.65511000 -0.57116997 -0.07058000  0.06644000  0.06644000 -0.02121000  0.07543000  0.07543000 -0.28716001 -0.04382000  0.06263999  0.06263999  0.06263999  0.36469000
N0Met Leu Val Nme  0.36671001 -0.90999001  0.11728000  0.02163000  0.65843999 -0.58814001 -0.06624000  0.05919000  0.05919000 -0.01487000  0.08082000  0.08082000 -0.30162999 -0.04003000  0.06241000  0.06241000  0.06241000  0.36671001
N0Met Hip Val Nme  0.37415001 -0.90459001  0.12591000  0.02331000  0.63928997 -0.54724997 -0.06307000  0.05326000  0.05326000 -0.01584000  0.08874000  0.08874000 -0.32196999 -0.03398000  0.06697000  0.06697000  0.06697000  0.37415001
N0Met Gln Val Nme  0.36443001 -0.90758002  0.11639000  0.01916000  0.64958000 -0.57572001 -0.06639000  0.05721000  0.05721000 -0.01392000  0.08796000  0.08796000 -0.30371001 -0.03915000  0.06158000  0.06158000  0.06158000  0.36443001
N0Met Pro Val Nme  0.35901001 -0.90375000  0.12534000  0.01755000  0.66483998 -0.56177002 -0.06974000  0.07968000  0.07968000 -0.02047000  0.05750000  0.05750000 -0.27893999 -0.04474000  0.06266000  0.06266000  0.06266000  0.35901001
N0Met Lyn Val Nme  0.36719999 -0.91320002  0.11817000  0.01785000  0.65792001 -0.58319002 -0.06637000  0.05635000  0.05635000 -0.01418000  0.08802000  0.08802000 -0.30586001 -0.03881000  0.06151000  0.06151000  0.06151000  0.36719999
N0Met Hid Val Nme  0.36546999 -0.90696001  0.11803000  0.01643000  0.65684998 -0.57371002 -0.06452000  0.05839000  0.05839000 -0.01452000  0.08405000  0.08405000 -0.30790999 -0.03776000  0.06273000  0.06273000  0.06273000  0.36546999
N0Met Asp Val Nme  0.35290000 -0.90586001  0.10727000  0.02131000  0.65728003 -0.61413997 -0.07152000  0.06726000  0.06726000 -0.00626000  0.07973000  0.07973000 -0.30294999 -0.04175000  0.05597000  0.05597000  0.05597000  0.35290000
N0Met Gly Val Nme  0.36853999 -0.91591001  0.12005000  0.01926000  0.65249002 -0.58168000 -0.06557000  0.05610000  0.05610000 -0.01472000  0.08712000  0.08712000 -0.30504000 -0.03940000  0.06176000  0.06176000  0.06176000  0.36853999
N0Met Ser Val Nme  0.36827999 -0.91342998  0.11799000  0.02505000  0.65850001 -0.59153998 -0.06663000  0.05700000  0.05700000 -0.01457000  0.08403000  0.08403000 -0.30487001 -0.03893000  0.06214000  0.06214000  0.06214000  0.36827999
N0Met Cyx Val Nme  0.36785999 -0.91090000  0.11953000  0.02544000  0.65635997 -0.57146001 -0.06664000  0.05572000  0.05572000 -0.01240000  0.08623000  0.08623000 -0.30638000 -0.03869000  0.06199000  0.06199000  0.06199000  0.36785999
N0Met Val Val Nme  0.36790001 -0.91369998  0.11864000  0.02146000  0.65764999 -0.58771002 -0.06631000  0.05478000  0.05478000 -0.01473000  0.08706000  0.08706000 -0.30515999 -0.03956000  0.06188000  0.06188000  0.06188000  0.36790001
N0Met Ile Val Nme  0.36771000 -0.91288000  0.11760000  0.02360000  0.65832001 -0.59004998 -0.06604000  0.05538000  0.05538000 -0.01436000  0.08465000  0.08465000 -0.30585000 -0.03903000  0.06227000  0.06227000  0.06227000  0.36771000
N0Met Arg Val Nme  0.37112999 -0.91095000  0.12443000  0.01642000  0.64155001 -0.56124997 -0.06766000  0.05795000  0.05795000 -0.02048000  0.08624000  0.08624000 -0.29078999 -0.04183000  0.06474000  0.06474000  0.06474000  0.37112999
N0Met Trp Val Nme  0.36416000 -0.90631998  0.11701000  0.01475000  0.65807003 -0.57821000 -0.06941000  0.07078000  0.07078000 -0.01687000  0.06896000  0.06896000 -0.29401001 -0.04127000  0.06265000  0.06265000  0.06265000  0.36416000
N0Met Thr Val Nme  0.36581999 -0.91101003  0.11813000  0.02086000  0.65183002 -0.58227002 -0.06750000  0.05996000  0.05996000 -0.01510000  0.08476000  0.08476000 -0.30002001 -0.04108000  0.06152000  0.06152000  0.06152000  0.36581999
N0Met Ala Val Nme  0.36596998 -0.91161001  0.11796000  0.01920000  0.65647000 -0.58315998 -0.06625000  0.05845000  0.05845000 -0.01516000  0.08400000  0.08400000 -0.30184999 -0.03987000  0.06171000  0.06171000  0.06171000  0.36596998
N0Met Glu Val Nme  0.36184001 -0.91259003  0.10974000  0.02379000  0.65404999 -0.59882998 -0.06742000  0.05296000  0.05296000 -0.00449000  0.09159000  0.09159000 -0.32493001 -0.03623000  0.05907000  0.05907000  0.05907000  0.36184001
N0Met Hie Val Nme  0.36532000 -0.90977001  0.11745000  0.01761000  0.65787000 -0.58315003 -0.06342000  0.05698000  0.05698000 -0.01066000  0.08751000  0.08751000 -0.31659001 -0.03542000  0.06103000  0.06103000  0.06103000  0.36532000
N0Met Lys Val Nme  0.37255001 -0.90829998  0.12248000  0.02284000  0.64721000 -0.56645000 -0.06456000  0.05256000  0.05256000 -0.01210000  0.09080000  0.09080000 -0.32688999 -0.03219000  0.06413000  0.06413000  0.06413000  0.37255001
N0Met Met Val Nme  0.36647999 -0.91242999  0.11913000  0.01678000  0.65701002 -0.58060998 -0.06654000  0.05679000  0.05679000 -0.01480000  0.08806000  0.08806000 -0.30511001 -0.03942000  0.06179000  0.06179000  0.06179000  0.36647999
N0Met Phe Val Nme  0.36594000 -0.90872997  0.11832000  0.01833000  0.65669000 -0.57551998 -0.07037001  0.07174000  0.07174000 -0.02150000  0.06522000  0.06522000 -0.28514999 -0.04412000  0.06387000  0.06387000  0.06387000  0.36594000
N0Met Cys Val Nme  0.36629999 -0.91061997  0.12032000  0.01943000  0.65336001 -0.57906997 -0.06666000  0.05776000  0.05776000 -0.01526000  0.08776000  0.08776000 -0.30374000 -0.03975000  0.06197000  0.06197000  0.06197000  0.36629999
N0Met Ash Val Nme  0.36522999 -0.90724999  0.11993000  0.01662000  0.65869999 -0.57146001 -0.06456000  0.05985000  0.05985000 -0.01636000  0.08522000  0.08522000 -0.29813001 -0.04130000  0.06132000  0.06132000  0.06132000  0.36522999
N0Met Asn Val Nme  0.36419001 -0.90692002  0.11826000  0.01477000  0.65899002 -0.56698001 -0.06567000  0.06186000  0.06186000 -0.01673000  0.08316000  0.08316000 -0.29949999 -0.04034000  0.06153000  0.06153000  0.06153000  0.36419001
N0Met Glh Val Nme  0.36822999 -0.91468000  0.11997000  0.01936000  0.65785998 -0.57837999 -0.06695000  0.05769000  0.05769000 -0.01459000  0.08582000  0.08582000 -0.30371001 -0.03944000  0.06202000  0.06202000  0.06202000  0.36822999
