N0Phe Gly Val Nme  0.13310000 -0.12851000 -0.12531000  0.13290000 -0.12811001  0.13131000 -0.08565000 -0.07792000  0.06617000  0.06617000  0.11047000  0.07644000  0.66125000 -0.59763002 -0.89943999  0.36372000 -0.12811001  0.13131000 -0.12531000  0.13290000  0.36372000
N0Phe Ash Val Nme  0.13211000 -0.12751000 -0.12699001  0.13225999 -0.12563001  0.13489000 -0.08758000 -0.07581000  0.06504000  0.06504000  0.10931000  0.07840000  0.67114001 -0.59973002 -0.90072000  0.36267000 -0.12563001  0.13489000 -0.12699001  0.13225999  0.36267000
N0Phe Ile Val Nme  0.13282999 -0.12871000 -0.12514000  0.13319001 -0.12870000  0.13175000 -0.08640000 -0.07751000  0.06636000  0.06636000  0.11068000  0.07641000  0.66649002 -0.61111999 -0.89952999  0.36377999 -0.12870000  0.13175000 -0.12514000  0.13319001  0.36377999
N0Phe Cyx Val Nme  0.13233000 -0.12545000 -0.12500000  0.13375001 -0.12356000  0.13195001 -0.09068000 -0.07368000  0.06205000  0.06205000  0.11543000  0.07526000  0.67771000 -0.62112999 -0.90236002  0.36223999 -0.12356000  0.13195001 -0.12500000  0.13375001  0.36223999
N0Phe Cys Val Nme  0.13335000 -0.12751999 -0.12404000  0.13410001 -0.12818000  0.13066000 -0.08804000 -0.07691000  0.06393000  0.06393000  0.11175000  0.07965000  0.66488999 -0.60290998 -0.89862001  0.36491001 -0.12818000  0.13066000 -0.12404000  0.13410001  0.36491001
N0Phe Glh Val Nme  0.13348000 -0.12687001 -0.12682000  0.13471000 -0.12664001  0.13398001 -0.09049000 -0.07415000  0.06307000  0.06307000  0.11016000  0.07527000  0.67519999 -0.61058998 -0.90178001  0.36294001 -0.12664001  0.13398001 -0.12682000  0.13471000  0.36294001
N0Phe Gln Val Nme  0.13293000 -0.12784000 -0.12598000  0.13325000 -0.12711000  0.13281000 -0.08720000 -0.07465000  0.06247000  0.06247000  0.11019000  0.07793000  0.66523999 -0.60417998 -0.90204000  0.36465001 -0.12711000  0.13281000 -0.12598000  0.13325000  0.36465001
N0Phe Thr Val Nme  0.13282999 -0.12814000 -0.12435000  0.13361000 -0.12856001  0.13115001 -0.08682000 -0.07847000  0.06293000  0.06293000  0.11301000  0.07995000  0.66316998 -0.60509998 -0.89815003  0.36502001 -0.12856001  0.13115001 -0.12435000  0.13361000  0.36502001
N0Phe Hie Val Nme  0.13158999 -0.12921999 -0.12705000  0.13206001 -0.12689000  0.13400000 -0.08506000 -0.07733000  0.06619000  0.06619000  0.10683000  0.07753000  0.66848999 -0.61019999 -0.90048999  0.36124000 -0.12689000  0.13400000 -0.12705000  0.13206001  0.36124000
N0Phe Ser Val Nme  0.13182000 -0.12772000 -0.12746000  0.13241001 -0.12545000  0.13514000 -0.08818999 -0.07413000  0.06413000  0.06413000  0.10954000  0.07697001  0.67118001 -0.61417001 -0.90214002  0.36185000 -0.12545000  0.13514000 -0.12746000  0.13241001  0.36185000
N0Phe Arg Val Nme  0.14022000 -0.12096000 -0.12124000  0.13789999 -0.13020000  0.12703000 -0.09533000 -0.07287000  0.05911000  0.05911000  0.11676000  0.07889000  0.65402001 -0.58261001 -0.89999998  0.37033000 -0.13020000  0.12703000 -0.12124000  0.13789999  0.37033000
N0Phe Trp Val Nme  0.13259999 -0.12899999 -0.12499000  0.13304000 -0.12886000  0.13161001 -0.08559000 -0.08014000  0.06687000  0.06687000  0.10846000  0.07482000  0.66696000 -0.60082001 -0.89810002  0.36307001 -0.12886000  0.13161001 -0.12499000  0.13304000  0.36307001
N0Phe Met Val Nme  0.13304000 -0.12792000 -0.12451000  0.13378000 -0.12793000  0.13123000 -0.08728000 -0.07673000  0.06303000  0.06303000  0.11173000  0.07852000  0.66542000 -0.60834002 -0.89928001  0.36486000 -0.12793000  0.13123000 -0.12451000  0.13378000  0.36486000
N0Phe Pro Val Nme  0.13331001 -0.12880000 -0.12464000  0.13275001 -0.12916000  0.12998000 -0.08359000 -0.07785000  0.06356000  0.06356000  0.11622000  0.07674000  0.68127000 -0.60580999 -0.89800000  0.36401999 -0.12916000  0.12998000 -0.12464000  0.13275001  0.36401999
N0Phe Lys Val Nme  0.13833000 -0.12151000 -0.12419000  0.13701000 -0.12732000  0.13171000 -0.09690000 -0.07032000  0.06747000  0.06747000  0.10880000  0.07742001  0.66723001 -0.60232001 -0.90745002  0.36443001 -0.12732000  0.13171000 -0.12419000  0.13701000  0.36443001
N0Phe Phe Val Nme  0.13290000 -0.12860000 -0.12499000  0.13327999 -0.12898000  0.13172001 -0.08628000 -0.07845000  0.06664000  0.06664000  0.11043000  0.07436000  0.66744000 -0.60378999 -0.89898998  0.36395001 -0.12898000  0.13172001 -0.12499000  0.13327999  0.36395001
N0Phe Hip Val Nme  0.14214000 -0.11829000 -0.12165000  0.13926999 -0.12780000  0.12949000 -0.10095000 -0.07375000  0.06834000  0.06834000  0.11440000  0.07533000  0.65070999 -0.56949002 -0.90713000  0.37052000 -0.12780000  0.12949000 -0.12165000  0.13926999  0.37052000
N0Phe Glu Val Nme  0.12571999 -0.13310000 -0.12820999  0.13071001 -0.12464000  0.13830000 -0.08422000 -0.07308000  0.06157000  0.06157000  0.10036000  0.07513000  0.66833001 -0.62983000 -0.89906001  0.35387000 -0.12464000  0.13830000 -0.12820999  0.13071001  0.35387000
N0Phe Hid Val Nme  0.13328999 -0.12828000 -0.12465000  0.13348000 -0.12876999  0.13111000 -0.08598000 -0.08002000  0.06634000  0.06634000  0.11051000  0.07710000  0.66737998 -0.60112000 -0.89712000  0.36453000 -0.12876999  0.13111000 -0.12465000  0.13348000  0.36453000
N0Phe Tyr Val Nme  0.13286000 -0.12851000 -0.12485000  0.13310000 -0.12888999  0.13128000 -0.08611000 -0.07918000  0.06702000  0.06702000  0.10940000  0.07609000  0.66826999 -0.60259998 -0.89849001  0.36333001 -0.12888999  0.13128000 -0.12485000  0.13310000  0.36333001
N0Phe Val Val Nme  0.13260999 -0.12892000 -0.12509000  0.13308001 -0.12912001  0.13163000 -0.08666000 -0.07554000  0.06756000  0.06756000  0.10829000  0.07646000  0.66747999 -0.61238003 -0.90114999  0.36267999 -0.12912001  0.13163000 -0.12509000  0.13308001  0.36267999
N0Phe Ala Val Nme  0.13275001 -0.12840000 -0.12490999  0.13328000 -0.12811000  0.13123000 -0.08626000 -0.07732000  0.06357000  0.06357000  0.11081000  0.07732000  0.66690999 -0.60887998 -0.89906001  0.36411000 -0.12811000  0.13123000 -0.12490999  0.13328000  0.36411000
N0Phe Leu Val Nme  0.13272000 -0.12872000 -0.12502999  0.13327000 -0.12916000  0.13191000 -0.08758000 -0.07468000  0.06737000  0.06737000  0.10798000  0.07524000  0.66876000 -0.61391997 -0.90015000  0.36267999 -0.12916000  0.13191000 -0.12502999  0.13327000  0.36267999
N0Phe Asp Val Nme  0.12211000 -0.14083000 -0.13000000  0.12512000 -0.12854999  0.13512000 -0.06904000 -0.08154000  0.06682000  0.06682000  0.10346000  0.07646000  0.66767001 -0.62800002 -0.89480001  0.35527000 -0.12854999  0.13512000 -0.13000000  0.12512000  0.35527000
N0Phe Lyn Val Nme  0.13337000 -0.12784999 -0.12417000  0.13362000 -0.12849000  0.13040000 -0.08679000 -0.07786000  0.06359000  0.06359000  0.11206000  0.07732000  0.66535998 -0.60215998 -0.89837003  0.36480999 -0.12849000  0.13040000 -0.12417000  0.13362000  0.36480999
N0Phe Asn Val Nme  0.13235000 -0.12930000 -0.12512000  0.13271000 -0.12895000  0.13108000 -0.08455000 -0.07970000  0.06697000  0.06697000  0.11045000  0.07617000  0.67330998 -0.59792000 -0.89728999  0.36348999 -0.12895000  0.13108000 -0.12512000  0.13271000  0.36348999
