N0Pro Lys Val Nme  0.03965000  0.15565001  0.03965000 -0.78829998  0.10195000  0.03744000  0.65362001 -0.55588001 -0.08624000  0.05823000  0.05823000 -0.08084000  0.06354000  0.06354000  0.36724001
N0Pro Ash Val Nme  0.03370000  0.15643001  0.03370000 -0.78675997  0.10233000  0.04418000  0.66613001 -0.55997002 -0.08750000  0.05712000  0.05712000 -0.08054000  0.05641000  0.05641000  0.37180999
N0Pro Cyx Val Nme  0.03250000  0.15615000  0.03250000 -0.78536999  0.10034000  0.03594000  0.66801000 -0.56186998 -0.08035000  0.06012000  0.06012000 -0.08227000  0.05649000  0.05649000  0.36743999
N0Pro Asn Val Nme  0.03215000  0.15790001  0.03215000 -0.78920001  0.10111000  0.04419000  0.66733998 -0.55827999 -0.08833000  0.05655000  0.05655000 -0.08036000  0.05597000  0.05597000  0.37351999
N0Pro Glh Val Nme  0.03277000  0.15745000  0.03277000 -0.78744000  0.09725000  0.04279000  0.66351998 -0.56641001 -0.08163000  0.05540000  0.05540000 -0.08103000  0.05763000  0.05763000  0.37189001
N0Pro Val Val Nme  0.03240000  0.15899999  0.03240000 -0.79013002  0.10145000  0.03594000  0.66837001 -0.57731998 -0.08162000  0.05758000  0.05758000 -0.08184000  0.05570000  0.05570000  0.36934000
N0Pro Trp Val Nme  0.03186000  0.15695000  0.03186000 -0.78766000  0.09910000  0.04155000  0.66698003 -0.57295001 -0.08850000  0.05792000  0.05792000 -0.08057000  0.05636000  0.05636000  0.37042001
N0Pro Ser Val Nme  0.03276000  0.15638000  0.03276000 -0.78509998  0.09975000  0.04023000  0.66816002 -0.57169002 -0.08471000  0.05709000  0.05709000 -0.08049000  0.05625000  0.05625000  0.36857000
N0Pro Met Val Nme  0.03277000  0.15800001  0.03277000 -0.78887999  0.10020000  0.04420000  0.66867000 -0.57392001 -0.08546000  0.05450000  0.05450000 -0.08142000  0.05661000  0.05661000  0.37345001
N0Pro Ile Val Nme  0.03240000  0.15744001  0.03240000 -0.78693998  0.09906000  0.03717000  0.66934001 -0.57837999 -0.08250000  0.05736000  0.05736000 -0.08152000  0.05615000  0.05615000  0.36860001
N0Pro Lyn Val Nme  0.03232000  0.15763000  0.03232000 -0.78729999  0.09874000  0.04466000  0.66641998 -0.57541001 -0.08553000  0.05498000  0.05498000 -0.08144000  0.05643000  0.05643000  0.37267000
N0Pro Ala Val Nme  0.03210000  0.15821999  0.03210000 -0.78934997  0.09944000  0.04320000  0.66680002 -0.57527000 -0.08548000  0.05546000  0.05546000 -0.08106000  0.05600000  0.05600000  0.37248999
N0Pro Asp Val Nme  0.01972000  0.16141001  0.01972000 -0.79005998  0.09627000  0.04707000  0.67097002 -0.59987998 -0.08578000  0.05932000  0.05932000 -0.08075000  0.04511000  0.04511000  0.36835000
N0Pro Pro Val Nme  0.03229000  0.15684999  0.03229000 -0.78808999  0.10569000  0.03165000  0.68448001 -0.56694001 -0.08081000  0.06159000  0.06159000 -0.08072000  0.05474000  0.05474000  0.36342999
N0Pro Phe Val Nme  0.03236000  0.15758000  0.03236000 -0.78886002  0.10009000  0.04352000  0.66676003 -0.56673002 -0.08905000  0.05761000  0.05761000 -0.08071000  0.05641000  0.05641000  0.37233999
N0Pro Hie Val Nme  0.03179000  0.15669000  0.03179000 -0.78637999  0.09905000  0.04081000  0.66575998 -0.57107002 -0.08639000  0.05756000  0.05756000 -0.08075000  0.05594000  0.05594000  0.36853999
N0Pro Leu Val Nme  0.03278000  0.15739000  0.03278000 -0.78782999  0.09989000  0.03916000  0.66732001 -0.57653999 -0.08486000  0.05779000  0.05779000 -0.08077000  0.05612000  0.05612000  0.36954999
N0Pro Cys Val Nme  0.03268000  0.15881001  0.03268000 -0.79045999  0.10114000  0.04509000  0.66899002 -0.57841003 -0.08546000  0.05713000  0.05713000 -0.08130000  0.05644000  0.05644000  0.37331000
N0Pro Hip Val Nme  0.04472000  0.15494999  0.04472000 -0.79008001  0.10804000  0.03704000  0.64446998 -0.53773999 -0.08917000  0.05800000  0.05800000 -0.08110000  0.06631000  0.06631000  0.37252000
N0Pro Glu Val Nme  0.02098000  0.15841000  0.02098000 -0.78244001  0.09272000  0.03750000  0.66934001 -0.58981001 -0.08736000  0.06534000  0.06534000 -0.08045000  0.05200000  0.05200000  0.36182001
N0Pro Tyr Val Nme  0.03277000  0.15906000  0.03277000 -0.79192001  0.10122000  0.04450000  0.66289997 -0.56788999 -0.09015000  0.05720000  0.05720000 -0.08065000  0.05679000  0.05679000  0.37439001
N0Pro Gly Val Nme  0.03279000  0.15701000  0.03279000 -0.78718001  0.10158000  0.03713000  0.66421002 -0.57534999 -0.08215000  0.05658000  0.05658000 -0.08065000  0.05631000  0.05631000  0.36879000
N0Pro Arg Val Nme  0.04168000  0.15563001  0.04168000 -0.78776997  0.10290000  0.04639000  0.65241998 -0.55001003 -0.07925000  0.04809000  0.04809000 -0.08305000  0.05828000  0.05828000  0.37860000
N0Pro Thr Val Nme  0.03228000  0.15808000  0.03228000 -0.78921998  0.10019000  0.04675000  0.66747999 -0.58074999 -0.08498000  0.05575000  0.05575000 -0.08172000  0.05546000  0.05546000  0.37316999
N0Pro Gln Val Nme  0.03312000  0.15774000  0.03312000 -0.78940999  0.09902000  0.04474000  0.66342998 -0.57388001 -0.08372999  0.05518000  0.05518000 -0.08190000  0.05631001  0.05631001  0.37390000
N0Pro Hid Val Nme  0.03312000  0.15757000  0.03312000 -0.78882998  0.10091000  0.04258000  0.66424000 -0.56377000 -0.08808000  0.05665000  0.05665000 -0.08018000  0.05693000  0.05693000  0.37334001
