N0Tyr Gln Val Nme  0.42032999 -0.49526000  0.12718999 -0.17970000  0.14505000 -0.09155000  0.13346000 -0.12459000 -0.07164000  0.06062000  0.06062000  0.11131999  0.07963000  0.66086000 -0.60172999 -0.89833999  0.36474001 -0.09155000  0.13346000 -0.17970000  0.14505000  0.36474001
N0Tyr Asp Val Nme  0.41185999 -0.50691998  0.11222000 -0.18380999  0.13570000 -0.08963000  0.14307000 -0.10345000 -0.07085000  0.06082000  0.06082000  0.10120000  0.07646000  0.66740000 -0.64276999 -0.89740997  0.35418999 -0.08963000  0.14307000 -0.18380999  0.13570000  0.35418999
N0Tyr Leu Val Nme  0.42017001 -0.49654999  0.12605999 -0.18063000  0.14421999 -0.09263000  0.13471000 -0.12368000 -0.06993000  0.06609000  0.06609000  0.10693000  0.07519000  0.66952997 -0.61216998 -0.89912999  0.36221001 -0.09263000  0.13471000 -0.18063000  0.14421999  0.36221001
N0Tyr Glh Val Nme  0.42054000 -0.49579999  0.12704000 -0.17990001  0.14484000 -0.09144000  0.13367000 -0.12426000 -0.07225000  0.06173000  0.06173000  0.11113000  0.07802000  0.66654002 -0.59941000 -0.89805001  0.36493000 -0.09144000  0.13367000 -0.17990001  0.14484000  0.36493000
N0Tyr Ala Val Nme  0.42025000 -0.49642000  0.12639000 -0.18048000  0.14442000 -0.09219000  0.13386001 -0.12334000 -0.07069000  0.06342000  0.06342000  0.10807000  0.07709000  0.66707999 -0.60843003 -0.89814001  0.36315000 -0.09219000  0.13386001 -0.18048000  0.14442000  0.36315000
N0Tyr Met Val Nme  0.41951001 -0.49638000  0.12586001 -0.18189000  0.14405000 -0.09016000  0.13657001 -0.12341000 -0.06869000  0.06213000  0.06213000  0.10904000  0.07690000  0.66869003 -0.61097002 -0.90243000  0.36307999 -0.09016000  0.13657001 -0.18189000  0.14405000  0.36307999
N0Tyr Tyr Val Nme  0.41856000 -0.49871999  0.12614000 -0.18474001  0.14200001 -0.08715000  0.14183000 -0.12382000 -0.06294000  0.06252000  0.06252000  0.10379000  0.07466000  0.67566001 -0.61488998 -0.90710002  0.35929000 -0.08715000  0.14183000 -0.18474001  0.14200001  0.35929000
N0Tyr Lyn Val Nme  0.42063999 -0.49645001  0.12714000 -0.17999000  0.14439000 -0.09162000  0.13327999 -0.12317000 -0.07269000  0.06175000  0.06175000  0.11042000  0.07788000  0.66649002 -0.60206998 -0.89841998  0.36476001 -0.09162000  0.13327999 -0.17999000  0.14439000  0.36476001
N0Tyr Ash Val Nme  0.41970000 -0.49572000  0.12557000 -0.17931000  0.14441000 -0.09211000  0.13384999 -0.12254000 -0.07540000  0.06469000  0.06469000  0.11156000  0.07869000  0.66815001 -0.59388000 -0.89732999  0.36452001 -0.09211000  0.13384999 -0.17931000  0.14441000  0.36452001
N0Tyr Phe Val Nme  0.42026001 -0.49702999  0.12606999 -0.18053000  0.14407000 -0.09234000  0.13421000 -0.12212000 -0.07326000  0.06587000  0.06587000  0.10793000  0.07570000  0.66887998 -0.60341001 -0.89769000  0.36267000 -0.09234000  0.13421000 -0.18053000  0.14407000  0.36267000
N0Tyr Arg Val Nme  0.42372999 -0.48864001  0.13379000 -0.17882000  0.14789000 -0.09209000  0.12917000 -0.13249999 -0.06581000  0.05870000  0.05870000  0.11462000  0.07916000  0.65202999 -0.57999003 -0.89955997  0.36910999 -0.09209000  0.12917000 -0.17882000  0.14789000  0.36910999
N0Tyr Glu Val Nme  0.41448000 -0.49959001  0.12138000 -0.18054999  0.14500000 -0.08840000  0.14072000 -0.12325000 -0.06368000  0.05486000  0.05486000  0.09900000  0.07369000  0.66951001 -0.63178998 -0.89829999  0.35262999 -0.08840000  0.14072000 -0.18054999  0.14500000  0.35262999
N0Tyr Gly Val Nme  0.41947999 -0.49643999  0.12547999 -0.18111999  0.14351000 -0.09010000  0.13495000 -0.12157000 -0.07220000  0.06360000  0.06360000  0.11033000  0.07639000  0.66169000 -0.60057002 -0.90052998  0.36331001 -0.09010000  0.13495000 -0.18111999  0.14351000  0.36331001
N0Tyr Ser Val Nme  0.41841999 -0.49775001  0.12551001 -0.18282001  0.14245001 -0.08800000  0.13862001 -0.12262000 -0.06683000  0.06229000  0.06229000  0.10941000  0.07364000  0.67496997 -0.61809999 -0.90486002  0.36091000 -0.08800000  0.13862001 -0.18282001  0.14245001  0.36091000
N0Tyr Cyx Val Nme  0.41727999 -0.49566999  0.12704000 -0.17970000  0.14397000 -0.08801000  0.13495000 -0.12446000 -0.06787000  0.06135000  0.06135000  0.11351000  0.07413000  0.67765999 -0.62000000 -0.90223002  0.36217001 -0.08801000  0.13495000 -0.17970000  0.14397000  0.36217001
N0Tyr Pro Val Nme  0.41916001 -0.49544999  0.12466000 -0.17944001  0.14410999 -0.09232000  0.13270999 -0.11979001 -0.07266000  0.06131000  0.06131000  0.11598000  0.07695000  0.68177002 -0.60421998 -0.89706999  0.36372000 -0.09232000  0.13270999 -0.17944001  0.14410999  0.36372000
N0Tyr Asn Val Nme  0.41966000 -0.49790999  0.12510000 -0.18143000  0.14320999 -0.09154000  0.13578001 -0.12121000 -0.07290000  0.06528000  0.06528000  0.10843000  0.07513000  0.67462999 -0.59612000 -0.89942998  0.36258998 -0.09154000  0.13578001 -0.18143000  0.14320999  0.36258998
N0Tyr Hip Val Nme  0.42445001 -0.49046999  0.13755000 -0.18147001  0.14770000 -0.08612000  0.13651000 -0.14283000 -0.05953000  0.06812000  0.06812000  0.10923000  0.07884000  0.66604000 -0.59006000 -0.91412997  0.36412999 -0.08612000  0.13651000 -0.18147001  0.14770000  0.36412999
N0Tyr Cys Val Nme  0.42056998 -0.49574000  0.12750999 -0.17983000  0.14492000 -0.09129000  0.13330000 -0.12484000 -0.07070000  0.06201000  0.06201000  0.11150000  0.07906000  0.66404003 -0.60268998 -0.89797998  0.36469999 -0.09129000  0.13330000 -0.17983000  0.14492000  0.36469999
N0Tyr Hie Val Nme  0.41828001 -0.49928999  0.12594999 -0.18446000  0.14158000 -0.08690000  0.14149000 -0.12261000 -0.06346000  0.06146000  0.06146000  0.10305000  0.07546000  0.67751002 -0.62177998 -0.90252000  0.35688999 -0.08690000  0.14149000 -0.18446000  0.14158000  0.35688999
N0Tyr Trp Val Nme  0.41815999 -0.49862999  0.12530001 -0.18457000  0.14205000 -0.08695000  0.14223000 -0.12370000 -0.06217000  0.06223000  0.06223000  0.10161000  0.07503000  0.67382002 -0.61603999 -0.90644002  0.35725999 -0.08695000  0.14223000 -0.18457000  0.14205000  0.35725999
N0Tyr Lys Val Nme  0.42333999 -0.49184999  0.13424000 -0.18215001  0.14699000 -0.08845000  0.13632999 -0.13557001 -0.06339000  0.06509000  0.06509000  0.10793000  0.07630000  0.66883999 -0.60124999 -0.90859997  0.36364999 -0.08845000  0.13632999 -0.18215001  0.14699000  0.36364999
N0Tyr Val Val Nme  0.41992000 -0.49687001  0.12542000 -0.18050000  0.14405000 -0.09255000  0.13485999 -0.12294000 -0.07094000  0.06611000  0.06611000  0.10814000  0.07487000  0.66918999 -0.61058003 -0.89967000  0.36263001 -0.09255000  0.13485999 -0.18050000  0.14405000  0.36263001
N0Tyr Thr Val Nme  0.41984001 -0.49640000  0.12581000 -0.18002000  0.14418000 -0.09164000  0.13373999 -0.12224000 -0.07194000  0.06173000  0.06173000  0.11167000  0.08021000  0.66303998 -0.60317999 -0.89787000  0.36379001 -0.09164000  0.13373999 -0.18002000  0.14418000  0.36379001
N0Tyr Ile Val Nme  0.41931000 -0.49609000  0.12465000 -0.18029000  0.14410000 -0.09308000  0.13459000 -0.12333000 -0.06752000  0.06715000  0.06715000  0.10632000  0.07519000  0.66940999 -0.61409003 -0.89946997  0.36074001 -0.09308000  0.13459000 -0.18029000  0.14410000  0.36074001
N0Tyr Hid Val Nme  0.41940999 -0.49601999  0.12544000 -0.18070000  0.14380001 -0.09086000  0.13500001 -0.12176000 -0.07355000  0.06516000  0.06516000  0.10893000  0.07914000  0.66864002 -0.60513002 -0.89893001  0.36280999 -0.09086000  0.13500001 -0.18070000  0.14380001  0.36280999
