NAsh Gly Val Nme  0.47406000 -0.83078998  0.03975000  0.14016999  0.64086998 -0.58669001 -0.16655999  0.13521001  0.13521001  0.62548000 -0.56724000 -0.55571002  0.48051000  0.47406000  0.47406000
NAsh Tyr Val Nme  0.47303000 -0.82932001  0.03510000  0.13946000  0.64596999 -0.58344000 -0.16787000  0.13715001  0.13715001  0.62472999 -0.56616002 -0.55818999  0.47966999  0.47303000  0.47303000
NAsh Hip Val Nme  0.47843999 -0.83265000  0.04855000  0.14132001  0.63696998 -0.56142998 -0.17295000  0.13928001  0.13928001  0.62756002 -0.57350999 -0.54381001  0.48996002  0.47843999  0.47843999
NAsh Cyx Val Nme  0.47444001 -0.83007997  0.03541000  0.13986000  0.65131003 -0.56101000 -0.16938000  0.13824999  0.13824999  0.62813002 -0.56914997 -0.55770999  0.47885999  0.47444001  0.47444001
NAsh Asp Val Nme  0.46820000 -0.83204001  0.03062000  0.14360000  0.64525998 -0.63644999 -0.16403000  0.13849001  0.13849001  0.62870002 -0.57775998 -0.56813997  0.46562001  0.46820000  0.46820000
NAsh Met Val Nme  0.47407999 -0.83109999  0.03508000  0.14146000  0.64679998 -0.59208000 -0.16569001  0.13377000  0.13377000  0.62383997 -0.56184000 -0.55870998  0.48050001  0.47407999  0.47407999
NAsh Ash Val Nme  0.47481999 -0.82922000  0.04381000  0.13661000  0.65252000 -0.57515002 -0.16925000  0.13707000  0.13707000  0.62817001 -0.57397998 -0.55492997  0.48015001  0.47481999  0.47481999
NAsh Phe Val Nme  0.47242999 -0.82877999  0.03416000  0.13981000  0.64521003 -0.57905000 -0.16659000  0.13632999  0.13632999  0.62467998 -0.56357002 -0.55914998  0.47942999  0.47242999  0.47242999
NAsh Gln Val Nme  0.47492001 -0.83112001  0.03733000  0.13906001  0.64679998 -0.59320003 -0.16695000  0.13344000  0.13344000  0.62818003 -0.56752998 -0.55673999  0.48098999  0.47492001  0.47492001
NAsh Glu Val Nme  0.46939001 -0.83171999  0.03233000  0.13152000  0.65101999 -0.61330998 -0.16789000  0.14377999  0.14377999  0.62956000 -0.58930999 -0.55457002  0.47130001  0.46939001  0.46939001
NAsh Glh Val Nme  0.47578001 -0.83275998  0.03628000  0.14042000  0.64722001 -0.58806998 -0.16710000  0.13505999  0.13505999  0.62786001 -0.56943000 -0.55460000  0.48109999  0.47578001  0.47578001
NAsh Trp Val Nme  0.47240999 -0.82850999  0.03331000  0.13652000  0.64534003 -0.57946002 -0.16814999  0.13798000  0.13798000  0.62522000 -0.56931001 -0.55798000  0.47950000  0.47240999  0.47240999
NAsh Cys Val Nme  0.47462001 -0.83087999  0.04085000  0.14184000  0.64929998 -0.59017003 -0.16785000  0.13489000  0.13489000  0.62559003 -0.56563997 -0.55792999  0.48067000  0.47462001  0.47462001
NAsh Ser Val Nme  0.47429001 -0.83282000  0.03988000  0.13923999  0.64515000 -0.58538002 -0.16664000  0.13569000  0.13569000  0.62796002 -0.56866002 -0.55695999  0.47995001  0.47429001  0.47429001
NAsh Asn Val Nme  0.47404999 -0.82884002  0.04250000  0.13433000  0.65613002 -0.57393003 -0.16824999  0.13659000  0.13659000  0.62774998 -0.57492000 -0.55598998  0.47933999  0.47404999  0.47404999
NAsh Lys Val Nme  0.47361001 -0.83064997  0.04256000  0.14067000  0.63616002 -0.56444001 -0.16893000  0.13840000  0.13840000  0.62676001 -0.56768000 -0.54960001  0.48658001  0.47361001  0.47361001
NAsh Hid Val Nme  0.47334000 -0.82937002  0.04072000  0.13732000  0.64399999 -0.58310002 -0.16716000  0.13665000  0.13665000  0.62718999 -0.57054001 -0.55545998  0.48040000  0.47334000  0.47334000
NAsh Lyn Val Nme  0.47490999 -0.82757002  0.03928000  0.14043000  0.64524001 -0.59647000 -0.16746999  0.13406999  0.13406999  0.63068003 -0.57520997 -0.55441999  0.48083001  0.47490999  0.47490999
NAsh Pro Val Nme  0.47119999 -0.83753997  0.04610000  0.13603000  0.64977997 -0.55719000 -0.16150001  0.14262000  0.14262000  0.63040000 -0.58769000 -0.55194998  0.47903001  0.47119999  0.47119999
NAsh Ile Val Nme  0.47121999 -0.83078998  0.04039000  0.13800999  0.63845998 -0.57542998 -0.16418999  0.13728000  0.13728000  0.62577999 -0.56932998 -0.55667001  0.47960001  0.47121999  0.47121999
NAsh Leu Val Nme  0.47310999 -0.83420002  0.03822000  0.13981000  0.63336003 -0.56812000 -0.16396999  0.13813000  0.13813000  0.62893999 -0.57283997 -0.55536997  0.48054999  0.47310999  0.47310999
NAsh Hie Val Nme  0.47209001 -0.82858998  0.03493000  0.13820000  0.64775997 -0.58762997 -0.16718000  0.13657001  0.13657001  0.62665999 -0.56806999 -0.55822998  0.47898999  0.47209001  0.47209001
NAsh Val Val Nme  0.47135001 -0.83134002  0.03786000  0.14105000  0.63914001 -0.57510001 -0.16547000  0.13683000  0.13683000  0.62485999 -0.56456000 -0.55786002  0.47942999  0.47135001  0.47135001
NAsh Ala Val Nme  0.47435001 -0.83073997  0.03730000  0.13994000  0.65006000 -0.58772999 -0.16760000  0.13406000  0.13406000  0.62660998 -0.56702000 -0.55843001  0.48030999  0.47435001  0.47435001
NAsh Thr Val Nme  0.47562999 -0.83287001  0.03990000  0.13968000  0.64756000 -0.59318000 -0.16843000  0.13414000  0.13414000  0.62970001 -0.57072002 -0.55668998  0.48021001  0.47562999  0.47562999
NAsh Arg Val Nme  0.48016000 -0.83625001  0.04329000  0.13865000  0.63573003 -0.54297000 -0.16650000  0.13213000  0.13213000  0.63090002 -0.56703001 -0.55466998  0.48671001  0.48016000  0.48016000
