NAsn Asp Val Nme  0.32881001 -0.63740999  0.32881001  0.65026998 -0.65408999 -0.19450000  0.12630001  0.12630001  0.03371000  0.14227000  0.64718002 -0.62897998 -0.82958001  0.46647000  0.46647000  0.46647000
NAsn Lys Val Nme  0.33575001 -0.62651998  0.33575001  0.65306002 -0.62620998 -0.19922000  0.10890000  0.10890000  0.05243000  0.14995999  0.63652998 -0.58117998 -0.83152002  0.47839001  0.47839001  0.47839001
NAsn Ser Val Nme  0.33484000 -0.62516999  0.33484000  0.65480000 -0.64340001 -0.19975001  0.11551000  0.11551000  0.04838000  0.14708000  0.64433003 -0.59987998 -0.83219999  0.47522000  0.47522000  0.47522000
NAsn Hip Val Nme  0.33864001 -0.62118000  0.33864001  0.65221000 -0.63111001 -0.19805001  0.10985000  0.10985000  0.05333000  0.15205000  0.62699998 -0.54312003 -0.83285999  0.48001000  0.48001000  0.48001000
NAsn Gln Val Nme  0.33509001 -0.62620002  0.33509001  0.65154999 -0.64161003 -0.19925000  0.11812000  0.11812000  0.04756000  0.14769000  0.63722998 -0.58969998 -0.83091003  0.47281000  0.47281000  0.47281000
NAsn Thr Val Nme  0.33499000 -0.62272000  0.33499000  0.65635997 -0.65034002 -0.19842000  0.11982000  0.11982000  0.04873000  0.14639001  0.63608998 -0.58257001 -0.83503002  0.47358000  0.47358000  0.47358000
NAsn Leu Val Nme  0.33464000 -0.62553000  0.33464000  0.65720999 -0.64437002 -0.19848999  0.11460000  0.11460000  0.04594000  0.14620000  0.64073998 -0.59504002 -0.82884997  0.47446001  0.47446001  0.47446001
NAsn Gly Val Nme  0.33581001 -0.62314999  0.33581001  0.65920001 -0.64863002 -0.19922000  0.11450000  0.11450000  0.04855000  0.14528000  0.63709998 -0.58981001 -0.82957000  0.47540000  0.47540000  0.47540000
NAsn Glu Val Nme  0.32927999 -0.63630003  0.32927999  0.65316999 -0.64481997 -0.19564000  0.11958000  0.11958000  0.04244000  0.14417000  0.63840997 -0.60962999 -0.82889003  0.46856999  0.46856999  0.46856999
NAsn Arg Val Nme  0.33970001 -0.61751002  0.33970001  0.65420002 -0.64693999 -0.19997001  0.11931000  0.11931000  0.05212000  0.14986999  0.62965000 -0.56037003 -0.83358997  0.47514999  0.47514999  0.47514999
NAsn Phe Val Nme  0.33445001 -0.62541002  0.33445001  0.65499002 -0.64460999 -0.19846000  0.11627000  0.11627000  0.04521000  0.14576000  0.64183003 -0.58783001 -0.83083999  0.47409999  0.47409999  0.47409999
NAsn Tyr Val Nme  0.33440000 -0.62706000  0.33440000  0.65394998 -0.63970000 -0.19992000  0.11600000  0.11600000  0.04430000  0.14777000  0.64117998 -0.59075999 -0.82950002  0.47369000  0.47369000  0.47369000
NAsn Val Val Nme  0.33522001 -0.62404001  0.33522001  0.65644002 -0.64567000 -0.19971000  0.11405000  0.11405000  0.04547000  0.14639001  0.64324999 -0.59929001 -0.83042002  0.47503999  0.47503999  0.47503999
NAsn Pro Val Nme  0.33924001 -0.62357003  0.33924001  0.64221001 -0.65240997 -0.19391000  0.12242000  0.12242000  0.05184000  0.14451000  0.64818001 -0.56803000 -0.83693999  0.47110999  0.47110999  0.47110999
NAsn Hie Val Nme  0.33374000 -0.62808001  0.33374000  0.65385997 -0.63876998 -0.19862001  0.11430000  0.11430000  0.04144000  0.14828999  0.64288998 -0.59741998 -0.82801998  0.47380000  0.47380000  0.47380000
NAsn Cys Val Nme  0.33475000 -0.62685001  0.33475000  0.65158999 -0.63793999 -0.19860999  0.11726000  0.11726000  0.04994000  0.14997999  0.63761002 -0.59412998 -0.83402997  0.47341999  0.47341999  0.47341999
NAsn Hid Val Nme  0.33535001 -0.62489003  0.33535001  0.65500999 -0.64414000 -0.19836000  0.11546000  0.11546000  0.04570000  0.14661001  0.64398998 -0.58946001 -0.82925999  0.47455001  0.47455001  0.47455001
NAsn Trp Val Nme  0.33399001 -0.62764001  0.33399001  0.65435999 -0.64205998 -0.19592001  0.11461000  0.11461000  0.04475000  0.14435001  0.63836002 -0.58761001 -0.83063001  0.47398001  0.47398001  0.47398001
NAsn Lyn Val Nme  0.33450002 -0.62585002  0.33450002  0.65302998 -0.64292997 -0.19712999  0.11806000  0.11806000  0.04636000  0.14605001  0.63731003 -0.58528000 -0.83300000  0.47262999  0.47262999  0.47262999
NAsn Ash Val Nme  0.33471000 -0.62619001  0.33471000  0.65175998 -0.64226002 -0.19994000  0.12057000  0.12057000  0.04748000  0.14645000  0.64917999 -0.58332002 -0.83284998  0.47433001  0.47433001  0.47433001
NAsn Glh Val Nme  0.33517001 -0.62423002  0.33517001  0.65316999 -0.64350998 -0.19879999  0.11831000  0.11831000  0.04284001  0.14815000  0.63946999 -0.57813000 -0.83143001  0.47378999  0.47378999  0.47378999
NAsn Ala Val Nme  0.33447000 -0.62603998  0.33447000  0.65333003 -0.64256001 -0.19759000  0.11840000  0.11840000  0.04823000  0.14654000  0.63340002 -0.57657999 -0.83230001  0.47178000  0.47178000  0.47178000
NAsn Met Val Nme  0.33474001 -0.62541002  0.33474001  0.65337998 -0.64143998 -0.19929001  0.11793000  0.11793000  0.04539000  0.14805999  0.63730001 -0.58411998 -0.83328998  0.47328001  0.47328001  0.47328001
NAsn Asn Val Nme  0.33421999 -0.62965000  0.33421999  0.65013999 -0.63968003 -0.19916999  0.12085000  0.12085000  0.04856000  0.14469001  0.65170002 -0.58862001 -0.83310002  0.47316000  0.47316000  0.47316000
NAsn Cyx Val Nme  0.33432001 -0.62977999  0.33432001  0.64727998 -0.63453001 -0.20077001  0.11859000  0.11859000  0.04621000  0.15033001  0.65118998 -0.58758003 -0.83117998  0.47345999  0.47345999  0.47345999
NAsn Ile Val Nme  0.33497000 -0.62423003  0.33497000  0.65676999 -0.64590001 -0.19874000  0.11436000  0.11436000  0.04444000  0.14567000  0.64310998 -0.60030001 -0.83085000  0.47514999  0.47514999  0.47514999
