NCyx Gln Val Nme -0.19493000 -0.08890000  0.10501000  0.10501000  0.06251000  0.12605999  0.65019000 -0.58411002 -0.82827002  0.47338000  0.47338000  0.47338000
NCyx Hip Val Nme -0.23638999 -0.07299000  0.10535000  0.10535000  0.06472000  0.13872001  0.64903998 -0.55457002 -0.83090001  0.47949001  0.47949001  0.47949001
NCyx Met Val Nme -0.06473000 -0.09300000  0.10568000  0.10568000  0.03436000  0.13449000  0.64807999 -0.60619998 -0.83166999  0.46895000  0.46895000  0.46895000
NCyx Cyx Val Nme -0.06214000 -0.08620000  0.10681000  0.10681000  0.03954000  0.13713001  0.65632999 -0.59294999 -0.83930999  0.46754000  0.46754000  0.46754000
NCyx Val Val Nme -0.20579000 -0.07899000  0.10442000  0.10442000  0.05858000  0.12983000  0.65805000 -0.59963000 -0.83100998  0.47378999  0.47378999  0.47378999
NCyx Ash Val Nme -0.20034000 -0.08243000  0.10576000  0.10576000  0.06204000  0.12927000  0.66166002 -0.58994001 -0.83336002  0.47457999  0.47457999  0.47457999
NCyx Ser Val Nme -0.21329001 -0.08474000  0.10753000  0.10753000  0.06141000  0.13087000  0.65785003 -0.60734999 -0.83234000  0.47396001  0.47396001  0.47396001
NCyx Leu Val Nme -0.19640000 -0.08154000  0.10312000  0.10312000  0.05996000  0.12856001  0.65972000 -0.59834999 -0.83427000  0.47343999  0.47343999  0.47343999
NCyx Lyn Val Nme -0.18340001 -0.08813000  0.10629000  0.10629000  0.06130000  0.12730999  0.65288001 -0.58728999 -0.83590001  0.47396001  0.47396001  0.47396001
NCyx Glu Val Nme -0.17147000 -0.07125000  0.10236000  0.10236000  0.03955000  0.13031000  0.67237002 -0.60026002 -0.83042002  0.46930999  0.46930999  0.46930999
NCyx Ala Val Nme -0.13699999 -0.09147000  0.10974000  0.10974000  0.04666000  0.13270000  0.64850003 -0.59262002 -0.83245999  0.47202000  0.47202000  0.47202000
NCyx Hid Val Nme -0.20092000 -0.08307000  0.10404000  0.10404000  0.06053000  0.12984000  0.66196001 -0.60119998 -0.83146000  0.47409999  0.47409999  0.47409999
NCyx Tyr Val Nme -0.20090000 -0.08197000  0.10273000  0.10273000  0.05671000  0.12981001  0.66139001 -0.59922999 -0.83019000  0.47362000  0.47362000  0.47362000
NCyx Asn Val Nme -0.18248001 -0.08375000  0.10232000  0.10232000  0.05782000  0.12705000  0.66878003 -0.59113002 -0.83181000  0.47372001  0.47372001  0.47372001
NCyx Thr Val Nme -0.20074999 -0.08576000  0.10684000  0.10684000  0.06484000  0.12875000  0.64897001 -0.59404999 -0.83730000  0.47444999  0.47444999  0.47444999
NCyx Hie Val Nme -0.19547001 -0.08039000  0.10529000  0.10529000  0.05570000  0.13059001  0.66100001 -0.60292000 -0.83095998  0.47328001  0.47328001  0.47328001
NCyx Glh Val Nme -0.18764000 -0.08516000  0.11684000  0.11684000  0.05225000  0.12904000  0.64687002 -0.56651998 -0.83537000  0.47288001  0.47288001  0.47288001
NCyx Asp Val Nme -0.16576999 -0.08481000  0.10977000  0.10977000  0.05496000  0.12042000  0.66016001 -0.65057999 -0.84131998  0.46656999  0.46656999  0.46656999
NCyx Cys Val Nme -0.14428000 -0.08771000  0.11730000  0.11730000  0.04703000  0.13591000  0.64139002 -0.57317001 -0.83468002  0.47092000  0.47092000  0.47092000
NCyx Phe Val Nme -0.19649001 -0.08253000  0.10278000  0.10278000  0.05739000  0.12975000  0.66087001 -0.59956998 -0.83020002  0.47373000  0.47373000  0.47373000
NCyx Trp Val Nme -0.20500999 -0.08150000  0.10567000  0.10567000  0.05839000  0.13008000  0.66105998 -0.61145001 -0.83065998  0.47309000  0.47309000  0.47309000
NCyx Arg Val Nme -0.20133001 -0.09438000  0.10450000  0.10450000  0.06969000  0.12687001  0.64648002 -0.56124997 -0.82933003  0.47710001  0.47710001  0.47710001
NCyx Lys Val Nme -0.21588001 -0.07646000  0.10639000  0.10639000  0.06599000  0.13492000  0.65476000 -0.58142001 -0.84099001  0.47925001  0.47925001  0.47925001
NCyx Ile Val Nme -0.19987000 -0.07851000  0.10366000  0.10366000  0.05942000  0.12736000  0.66044998 -0.59741002 -0.83481002  0.47332999  0.47332999  0.47332999
NCyx Pro Val Nme -0.18984000 -0.07349000  0.10411000  0.10411000  0.07259000  0.11429000  0.66044003 -0.59577000 -0.83959001  0.47185001  0.47185001  0.47185001
NCyx Gly Val Nme -0.18036001 -0.08989000  0.12378000  0.12378000  0.04657000  0.13613000  0.64613998 -0.58368999 -0.83298999  0.47452000  0.47452000  0.47452000
