NGlh Tyr Val Nme  0.46855000 -0.83073002  0.03270000  0.12025000  0.65445000 -0.58653003 -0.11425000  0.11243000  0.11243000 -0.14822000  0.08554000  0.08554000  0.63257003 -0.52153998 -0.58964002  0.46955001  0.46855000  0.46855000
NGlh Gln Val Nme  0.46915000 -0.83126003  0.03494000  0.12276999  0.64823997 -0.59271997 -0.11107000  0.10828000  0.10828000 -0.14791000  0.09058000  0.09058000  0.63357001 -0.52214998 -0.59039003  0.46876001  0.46915000  0.46915000
NGlh Gly Val Nme  0.46983999 -0.83192003  0.03622000  0.12592000  0.64744002 -0.58851999 -0.11204000  0.10764000  0.10764000 -0.14853000  0.09010000  0.09010000  0.63326001 -0.52539003 -0.58727002  0.46963000  0.46983999  0.46983999
NGlh Arg Val Nme  0.47273001 -0.83512002  0.04060000  0.12130000  0.63401997 -0.56317001 -0.11375000  0.11816000  0.11816000 -0.15327000  0.08003000  0.08003000  0.63240999 -0.50559002 -0.58999002  0.47578001  0.47273001  0.47273001
NGlh Asn Val Nme  0.46862999 -0.83104003  0.03477000  0.11909000  0.66207999 -0.58358997 -0.11168000  0.10904000  0.10904000 -0.14770000  0.09047000  0.09047000  0.63437003 -0.52169001 -0.59249997  0.46766001  0.46862999  0.46862999
NGlh Glu Val Nme  0.46450001 -0.82932001  0.02623000  0.12955000  0.65333998 -0.62181997 -0.11045000  0.10432000  0.10432000 -0.14672001  0.09250000  0.09250000  0.63604999 -0.52731001 -0.59701997  0.46030000  0.46450001  0.46450001
NGlh Hid Val Nme  0.46928001 -0.83117002  0.03432000  0.12166000  0.65495998 -0.58626002 -0.10958000  0.10599000  0.10599000 -0.14964999  0.09218000  0.09218000  0.63380998 -0.52662998 -0.58765000  0.46836001  0.46928001  0.46928001
NGlh Hip Val Nme  0.47621000 -0.83260000  0.04108000  0.12922999  0.64032000 -0.54939997 -0.10721000  0.10348000  0.10348000 -0.15602000  0.09248000  0.09248000  0.63444001 -0.53293002 -0.58096999  0.47736001  0.47621000  0.47621000
NGlh Hie Val Nme  0.46858001 -0.83045000  0.03156000  0.12348000  0.65388000 -0.59579998 -0.10939000  0.10493000  0.10493000 -0.14703000  0.09148000  0.09148000  0.63347000 -0.52253998 -0.59496999  0.46748999  0.46858001  0.46858001
NGlh Ser Val Nme  0.46895000 -0.83179998  0.03574000  0.12518001  0.65223002 -0.59869999 -0.11151000  0.10903000  0.10903000 -0.14810000  0.08952000  0.08952000  0.63319999 -0.52451003 -0.58895999  0.46858999  0.46895000  0.46895000
NGlh Lys Val Nme  0.47536999 -0.83023000  0.03592000  0.12651000  0.64130998 -0.58227998 -0.10766000  0.10499000  0.10499000 -0.15335999  0.09175001  0.09175001  0.63595003 -0.53311002 -0.58225000  0.47406000  0.47536999  0.47536999
NGlh Ash Val Nme  0.46948001 -0.83209998  0.03771000  0.12112000  0.65789997 -0.58161003 -0.11019000  0.10751000  0.10751000 -0.14817000  0.09155000  0.09155000  0.63466000 -0.51876003 -0.59441001  0.46805000  0.46948001  0.46948001
NGlh Asp Val Nme  0.46000999 -0.83116001  0.03212000  0.12187001  0.64578998 -0.65241998 -0.11598000  0.11567001  0.11567001 -0.13654999  0.08665000  0.08665000  0.63584000 -0.51798999 -0.60780000  0.45719999  0.46000999  0.46000999
NGlh Cyx Val Nme  0.46935001 -0.82995999  0.03423000  0.12926000  0.65812999 -0.58503002 -0.11191000  0.10471000  0.10471000 -0.15042999  0.09339000  0.09339000  0.63462001 -0.52078003 -0.59290999  0.46726999  0.46935001  0.46935001
NGlh Trp Val Nme  0.46827000 -0.83070999  0.03111000  0.11918000  0.65529001 -0.58901000 -0.11493000  0.11333000  0.11333000 -0.14751001  0.08434000  0.08434000  0.63279003 -0.51942003 -0.59222001  0.46825001  0.46827000  0.46827000
NGlh Phe Val Nme  0.46836000 -0.83138001  0.03346000  0.12011000  0.65458000 -0.58064997 -0.11548000  0.11559000  0.11559000 -0.14802000  0.08194000  0.08194000  0.63200998 -0.51734001 -0.59182000  0.46948001  0.46836000  0.46836000
NGlh Cys Val Nme  0.46886000 -0.83240998  0.03601000  0.12407000  0.64478999 -0.58212000 -0.11201000  0.11171000  0.11171000 -0.14854001  0.08751000  0.08751000  0.63290000 -0.51814997 -0.59116000  0.46921000  0.46886000  0.46886000
NGlh Thr Val Nme  0.46864000 -0.83155000  0.03539000  0.12582000  0.64924997 -0.59662002 -0.11246000  0.10948000  0.10948000 -0.14735000  0.08888000  0.08888000  0.63361001 -0.51617002 -0.59503001  0.46796000  0.46864000  0.46864000
NGlh Ala Val Nme  0.46792999 -0.83210999  0.03514000  0.12168000  0.64398003 -0.58030999 -0.10984000  0.11125000  0.11125000 -0.14839999  0.08762000  0.08762000  0.63244998 -0.51819003 -0.59227997  0.46840000  0.46792999  0.46792999
NGlh Pro Val Nme  0.46575001 -0.84100998  0.04473000  0.11469000  0.64744002 -0.54321998 -0.10799000  0.12041000  0.12041000 -0.14724000  0.07958000  0.07958000  0.63229000 -0.51344001 -0.59530002  0.46833000  0.46575001  0.46575001
NGlh Leu Val Nme  0.46845001 -0.83048999  0.03495000  0.11987000  0.65340000 -0.59535003 -0.11169000  0.11540000  0.11540000 -0.15252000  0.08112000  0.08112000  0.63281000 -0.51656997 -0.59059000  0.47093999  0.46845001  0.46845001
NGlh Ile Val Nme  0.47104001 -0.83870000  0.02981000  0.11802000  0.65662998 -0.59862000 -0.10991000  0.11324000  0.11324000 -0.15079001  0.08308000  0.08308000  0.63260001 -0.51722998 -0.59147000  0.47024000  0.47104001  0.47104001
NGlh Val Val Nme  0.46891001 -0.83064997  0.03340000  0.12484000  0.65236002 -0.59978998 -0.11269000  0.10926000  0.10926000 -0.14860000  0.08771000  0.08771000  0.63257998 -0.52383000 -0.58804000  0.46932000  0.46891001  0.46891001
NGlh Met Val Nme  0.46904001 -0.83104998  0.03354000  0.12326000  0.64924002 -0.59442002 -0.11113000  0.10814000  0.10814000 -0.14821000  0.09049000  0.09049000  0.63279998 -0.52256000 -0.58965999  0.46875000  0.46904001  0.46904001
NGlh Glh Val Nme  0.46970999 -0.83035999  0.03148000  0.12433000  0.65161002 -0.58919000 -0.11165000  0.10832000  0.10832000 -0.14871000  0.08979000  0.08979000  0.63317001 -0.51942003 -0.59147000  0.46901000  0.46970999  0.46970999
NGlh Lyn Val Nme  0.47031000 -0.83661997  0.03060000  0.11511000  0.65028000 -0.59038001 -0.10886000  0.11217000  0.11217000 -0.14898001  0.08801000  0.08801000  0.63292998 -0.51839000 -0.59201002  0.46814999  0.47031000  0.47031000
