NGln Ash Val Nme  0.32468000 -0.66027999  0.32468000  0.66210002 -0.58293003 -0.17619000  0.06032000  0.06032000 -0.10728000  0.11867000  0.11867000  0.04013000  0.12142001  0.64282000 -0.57293999 -0.83841002  0.47031999  0.47031999  0.47031999
NGln Asn Val Nme  0.32411000 -0.66109002  0.32411000  0.66229999 -0.58451998 -0.17369000  0.06005000  0.06005000 -0.10736000  0.11722000  0.11722000  0.04038000  0.11722000  0.64788002 -0.57428002 -0.83850002  0.47020999  0.47020999  0.47020999
NGln Pro Val Nme  0.32753000 -0.66035998  0.32753000  0.65507001 -0.58288002 -0.17543000  0.05965000  0.05965000 -0.10314000  0.11404000  0.11404000  0.04510000  0.11563000  0.65385002 -0.59746999 -0.84346998  0.47007000  0.47007000  0.47007000
NGln Lys Val Nme  0.32798001 -0.65407002  0.32798001  0.66294003 -0.58222002 -0.17760000  0.06044000  0.06044000 -0.10395000  0.11975000  0.11975000  0.04406000  0.11660000  0.63073999 -0.55997002 -0.83710998  0.46906000  0.46906000  0.46906000
NGln Phe Val Nme  0.32422000 -0.66171002  0.32422000  0.66268998 -0.58245999 -0.17551000  0.05916000  0.05916000 -0.10287000  0.11926000  0.11926000  0.03727000  0.11571000  0.63555002 -0.56836998 -0.83871001  0.46871999  0.46871999  0.46871999
NGln Asp Val Nme  0.31588000 -0.67116999  0.31588000  0.66206998 -0.58942002 -0.16541000  0.06003000  0.06003000 -0.10494000  0.11386001  0.11386001  0.03259000  0.12057000  0.64407998 -0.61975998 -0.84486002  0.46665999  0.46665999  0.46665999
NGln Val Val Nme  0.32422000 -0.66093999  0.32422000  0.66282999 -0.58494997 -0.17490000  0.06110000  0.06110000 -0.10065000  0.11823000  0.11823000  0.03974000  0.11706000  0.62857002 -0.55269003 -0.83964002  0.46726999  0.46726999  0.46726999
NGln Lyn Val Nme  0.32497001 -0.65925002  0.32497001  0.66251999 -0.58722001 -0.17543000  0.06202000  0.06202000 -0.10200000  0.11472000  0.11472000  0.03382000  0.11746000  0.64384001 -0.58407003 -0.83726001  0.47005001  0.47005001  0.47005001
NGln Hid Val Nme  0.32444000 -0.66079002  0.32444000  0.66240001 -0.58260000 -0.17601000  0.05927000  0.05927000 -0.10438000  0.11952000  0.11952000  0.03827000  0.11769000  0.63875997 -0.57032001 -0.83800000  0.46959999  0.46959999  0.46959999
NGln Gln Val Nme  0.32512999 -0.65838998  0.32512999  0.66311997 -0.58911002 -0.17568999  0.06312000  0.06312000 -0.10273000  0.11322000  0.11322000  0.03565000  0.11818000  0.64322001 -0.58706999 -0.83813000  0.47108001  0.47108001  0.47108001
NGln Tyr Val Nme  0.32431000 -0.66112000  0.32431000  0.66176999 -0.58236998 -0.17522000  0.05853000  0.05853000 -0.10425000  0.12022000  0.12022000  0.03481000  0.11631000  0.63802999 -0.56935000 -0.83744001  0.46873000  0.46873000  0.46873000
NGln Glu Val Nme  0.32166001 -0.65508998  0.32166001  0.66821003 -0.59825999 -0.17705000  0.06893000  0.06893000 -0.10584000  0.11072000  0.11072000  0.02644000  0.11915000  0.64701003 -0.62791997 -0.83739001  0.46511999  0.46511999  0.46511999
NGln Gly Val Nme  0.32473001 -0.65925002  0.32473001  0.66325003 -0.58954000 -0.17163999  0.06472000  0.06472000 -0.10201000  0.11404000  0.11404000  0.04018000  0.11770000  0.62827998 -0.55514002 -0.83831000  0.46908000  0.46908000  0.46908000
NGln Ala Val Nme  0.32449999 -0.65811002  0.32449999  0.66373002 -0.59122998 -0.17229000  0.06586000  0.06586000 -0.10247001  0.11066000  0.11066000  0.03643000  0.11829000  0.64205998 -0.59362000 -0.83793998  0.47049999  0.47049999  0.47049999
NGln Thr Val Nme  0.32429999 -0.65904999  0.32429999  0.66359001 -0.59008998 -0.17357001  0.06424000  0.06424000 -0.10210000  0.11213000  0.11213000  0.03759000  0.11982000  0.64286000 -0.59802002 -0.83853000  0.47092000  0.47092000  0.47092000
NGln Ser Val Nme  0.32427001 -0.66039997  0.32427001  0.66338998 -0.58810002 -0.17335001  0.06436000  0.06436000 -0.10058000  0.11400000  0.11400000  0.04046000  0.11932000  0.63375002 -0.57550001 -0.83916003  0.46869999  0.46869999  0.46869999
NGln Leu Val Nme  0.32411998 -0.66150999  0.32411998  0.66167003 -0.58266997 -0.17612000  0.05946000  0.05946000 -0.10016000  0.12031000  0.12031000  0.04105000  0.11571000  0.62703001 -0.54911000 -0.83946002  0.46632001  0.46632001  0.46632001
NGln Ile Val Nme  0.32426000 -0.66099000  0.32426000  0.66285998 -0.58552998 -0.17414001  0.06141000  0.06141000 -0.10264000  0.11763000  0.11763000  0.04060000  0.11737000  0.63075000 -0.56178999 -0.84004003  0.46786001  0.46786001  0.46786001
NGln Cys Val Nme  0.32471001 -0.65877998  0.32471001  0.66311001 -0.58692998 -0.17522000  0.06278000  0.06278000 -0.10303001  0.11491000  0.11491000  0.03837000  0.12038000  0.64234000 -0.59314001 -0.83941001  0.47069001  0.47069001  0.47069001
NGln Arg Val Nme  0.32785001 -0.65312999  0.32785001  0.66400999 -0.59381002 -0.17599000  0.06443000  0.06443000 -0.10132000  0.11177000  0.11177000  0.04057000  0.11950000  0.63508999 -0.55495000 -0.83761001  0.47452000  0.47452000  0.47452000
NGln Trp Val Nme  0.32404000 -0.66184002  0.32404000  0.66184002 -0.58262998 -0.17415001  0.05846000  0.05846000 -0.10392000  0.11916000  0.11916000  0.03473000  0.11482000  0.64363998 -0.58566999 -0.83757001  0.46904001  0.46904001  0.46904001
NGln Met Val Nme  0.32499999 -0.65930003  0.32499999  0.66264999 -0.58561999 -0.17686001  0.06066000  0.06066000 -0.10219000  0.11569000  0.11569000  0.03410000  0.11798000  0.64554000 -0.60078001 -0.83854997  0.47075000  0.47075000  0.47075000
NGln Hie Val Nme  0.32372001 -0.66086000  0.32372001  0.66282999 -0.58740998 -0.17241000  0.06381999  0.06381999 -0.10447000  0.11450000  0.11450000  0.03772000  0.11743000  0.64054000 -0.58617997 -0.83863002  0.46873998  0.46873998  0.46873998
NGln Hip Val Nme  0.32986999 -0.65038001  0.32986999  0.66308999 -0.58578998 -0.17769000  0.06436000  0.06436000 -0.10929000  0.11870000  0.11870000  0.05101000  0.11783000  0.62757999 -0.55963999 -0.83920997  0.47338000  0.47338000  0.47338000
NGln Cyx Val Nme  0.32471999 -0.65482003  0.32471999  0.66592002 -0.59723997 -0.17912001  0.07240000  0.07240000 -0.10221000  0.10699000  0.10699000  0.03717000  0.12588000  0.64837003 -0.59713000 -0.83684999  0.47126001  0.47126001  0.47126001
NGln Glh Val Nme  0.32482001 -0.65973002  0.32482001  0.66264999 -0.58383000 -0.17621000  0.06055000  0.06055000 -0.10292000  0.11653000  0.11653000  0.03361000  0.11790000  0.64490002 -0.58491999 -0.83841997  0.47073001  0.47073001  0.47073001
