NGlu Lyn Val Nme  0.46380001 -0.83730000  0.03707000  0.09647000  0.65236998 -0.60268998 -0.08392000  0.09805000  0.09805000 -0.25872001  0.03161000  0.03161000  0.92645002 -0.80453002 -0.80453002  0.46380001  0.46380001
NGlu Val Val Nme  0.46345001 -0.82835001  0.02673000  0.10682000  0.65919000 -0.62008000 -0.08401000  0.09697000  0.09697000 -0.26679999  0.02882000  0.02882000  0.92976999 -0.80151999 -0.80151999  0.46345001  0.46345001
NGlu Tyr Val Nme  0.46279001 -0.82940000  0.02500000  0.11102000  0.66061998 -0.61787999 -0.08344000  0.09924000  0.09924000 -0.26763001  0.02658000  0.02658000  0.92949999 -0.80149001 -0.80149001  0.46279001  0.46279001
NGlu Glu Val Nme  0.45953000 -0.82774001  0.02678000  0.10166000  0.66228002 -0.63698000 -0.09220000  0.09543000  0.09543000 -0.24849001  0.03118000  0.03118000  0.92317998 -0.81503999 -0.81503999  0.45953000  0.45953000
NGlu Met Val Nme  0.46391001 -0.83043999  0.03059000  0.09850000  0.65701997 -0.60971999 -0.08598000  0.09811000  0.09811000 -0.26244000  0.03135000  0.03135000  0.92794001 -0.80318999 -0.80318999  0.46391001  0.46391001
NGlu Leu Val Nme  0.46379000 -0.83051998  0.02617000  0.10642000  0.66130000 -0.61912000 -0.08489000  0.09751000  0.09751000 -0.26559001  0.02903000  0.02903000  0.92927998 -0.80203998 -0.80203998  0.46379000  0.46379000
NGlu Phe Val Nme  0.46294999 -0.82951999  0.02471000  0.11086000  0.66044998 -0.61796999 -0.08250000  0.09875000  0.09875000 -0.26681000  0.02656000  0.02656000  0.92958999 -0.80176997 -0.80176997  0.46294999  0.46294999
NGlu Cys Val Nme  0.46323001 -0.83324999  0.03491000  0.10290000  0.64712000 -0.58117002 -0.08450000  0.10024000  0.10024000 -0.26381999  0.03007000  0.03007000  0.92856997 -0.80208999 -0.80208999  0.46323001  0.46323001
NGlu Hid Val Nme  0.46344000 -0.82945001  0.02748000  0.10623000  0.66198999 -0.61475003 -0.08484000  0.09942000  0.09942000 -0.26772001  0.02786000  0.02786000  0.92940003 -0.80065000 -0.80065000  0.46344000  0.46344000
NGlu Glh Val Nme  0.46496001 -0.82958001  0.03042000  0.09588000  0.65943002 -0.60527998 -0.08662001  0.09703000  0.09703000 -0.26344002  0.03281000  0.03281000  0.92809999 -0.80315000 -0.80315000  0.46496001  0.46496001
NGlu Gln Val Nme  0.46094999 -0.83510000  0.04222000  0.10739000  0.63568002 -0.58291000 -0.08248000  0.10521000  0.10521000 -0.26464000  0.02440000  0.02440000  0.92918002 -0.80144000 -0.80144000  0.46094999  0.46094999
NGlu Ash Val Nme  0.46489000 -0.83002001  0.03416000  0.09522000  0.67040002 -0.60351998 -0.08912000  0.09718000  0.09718000 -0.26087999  0.03304000  0.03304000  0.92749000 -0.80383003 -0.80383003  0.46489000  0.46489000
NGlu Arg Val Nme  0.46564999 -0.83763999  0.04311000  0.10879000  0.63009000 -0.57919002 -0.08243000  0.10556000  0.10556000 -0.27447999  0.02568000  0.02568000  0.93251002 -0.79271001 -0.79271001  0.46564999  0.46564999
NGlu Ala Val Nme  0.46270001 -0.83265000  0.03055000  0.10265000  0.64995998 -0.59490001 -0.08195000  0.09940000  0.09940000 -0.26486000  0.02895000  0.02895000  0.92927003 -0.80214000 -0.80214000  0.46270001  0.46270001
NGlu Hie Val Nme  0.46338999 -0.82910001  0.03154000  0.09894000  0.66446000 -0.62013000 -0.08984000  0.09674000  0.09674000 -0.25821999  0.03134000  0.03134000  0.92747003 -0.80743998 -0.80743998  0.46338999  0.46338999
NGlu Asp Val Nme  0.45853001 -0.83214003  0.03718000  0.09416000  0.65362001 -0.66465002 -0.09217000  0.09888000  0.09888000 -0.23692000  0.02941000  0.02941000  0.91981000 -0.81962001 -0.81962001  0.45853001  0.45853001
NGlu Lys Val Nme  0.46968001 -0.83362001  0.03199000  0.09825000  0.66092998 -0.58792001 -0.08387000  0.09303000  0.09303000 -0.26736000  0.03520000  0.03520000  0.93033999 -0.80282998 -0.80282998  0.46968001  0.46968001
NGlu Trp Val Nme  0.46300000 -0.82932001  0.02800000  0.10602000  0.66013998 -0.61926001 -0.08812000  0.09772000  0.09772000 -0.26284999  0.02936000  0.02936000  0.92895001 -0.80495000 -0.80495000  0.46300000  0.46300000
NGlu Ser Val Nme  0.46410999 -0.82973999  0.03193000  0.10200000  0.66206002 -0.61736000 -0.08749000  0.09743000  0.09743000 -0.26367000  0.03074000  0.03074000  0.92850000 -0.80356997 -0.80356997  0.46410999  0.46410999
NGlu Asn Val Nme  0.46270999 -0.83112001  0.02902000  0.10460000  0.66798002 -0.60338998 -0.08429000  0.10082000  0.10082000 -0.26549000  0.02746000  0.02746000  0.92966998 -0.80255997 -0.80255997  0.46270999  0.46270999
NGlu Ile Val Nme  0.46202001 -0.82752001  0.03024000  0.10900000  0.65354002 -0.61593997 -0.08066000  0.09977000  0.09977000 -0.26758999  0.02543000  0.02543000  0.93062001 -0.80146998 -0.80146998  0.46202001  0.46202001
NGlu Thr Val Nme  0.46300000 -0.82963002  0.02963000  0.10386999  0.65411001 -0.61506999 -0.08615000  0.10020000  0.10020000 -0.26345000  0.02935000  0.02935000  0.92875999 -0.80269999 -0.80269999  0.46300000  0.46300000
NGlu Hip Val Nme  0.47040001 -0.82813001  0.03095000  0.09995000  0.65245998 -0.56184000 -0.07987000  0.08951000  0.08951000 -0.27085000  0.04102000  0.04102000  0.93738002 -0.81041998 -0.81041998  0.47040001  0.47040001
NGlu Pro Val Nme  0.45859000 -0.84337002  0.05391000  0.11173000  0.63707000 -0.53918999 -0.08037000  0.10661000  0.10661000 -0.25654000  0.02243000  0.02243000  0.92777002 -0.80523998 -0.80523998  0.45859000  0.45859000
NGlu Gly Val Nme  0.46452999 -0.83012998  0.03296000  0.09975000  0.66060001 -0.61128998 -0.08735000  0.09727000  0.09727000 -0.26276001  0.03093000  0.03093000  0.92804003 -0.80308002 -0.80308002  0.46452999  0.46452999
NGlu Cyx Val Nme  0.46395001 -0.82792997  0.03143000  0.10344000  0.66807002 -0.60523999 -0.09105000  0.09527000  0.09527000 -0.26377002  0.03632000  0.03632000  0.92698997 -0.80580998 -0.80580998  0.46395001  0.46395001
