NHie Lyn Val Nme  0.08843000  0.42536000 -0.68423998  0.21829000 -0.10824000  0.10425000  0.10425000  0.03603000  0.12583999  0.64345998 -0.60228997 -0.83568001  0.47138000  0.47138000  0.47138000 -0.21728000  0.19024000 -0.30164000  0.32444999
NHie Glu Val Nme  0.08234000  0.41589999 -0.66957003  0.22286000 -0.10805000  0.09306000  0.09306000  0.02775000  0.12179000  0.66141999 -0.62598002 -0.82678002  0.46664000  0.46664000  0.46664000 -0.21793000  0.19443000 -0.30566001  0.31773001
NHie Thr Val Nme  0.08754000  0.42361999 -0.69042998  0.21676999 -0.10767000  0.10620000  0.10620000  0.03631000  0.12630001  0.63753998 -0.58657998 -0.82800001  0.46959001  0.46959001  0.46959001 -0.21199000  0.19291000 -0.30234000  0.32451001
NHie Glh Val Nme  0.08876000  0.42544001 -0.68979001  0.21347999 -0.10687001  0.10241000  0.10241000  0.03746000  0.12077999  0.65065002 -0.59923000 -0.83153999  0.47163000  0.47163000  0.47163000 -0.21095001  0.19215999 -0.30082000  0.32556998
NHie Ala Val Nme  0.08786000  0.42405999 -0.68919998  0.21394999 -0.10689000  0.10389000  0.10389000  0.03486000  0.12438000  0.64178997 -0.59640002 -0.82782000  0.47025001  0.47025001  0.47025001 -0.21104000  0.19303000 -0.30109998  0.32504001
NHie Asn Val Nme  0.08706000  0.42473999 -0.68555999  0.21944000 -0.10805000  0.10471000  0.10471000  0.03334000  0.12547000  0.65732002 -0.59095001 -0.82881999  0.47075000  0.47075000  0.47075000 -0.21923999  0.18972000 -0.30081001  0.32352000
NHie Leu Val Nme  0.08718000  0.42543000 -0.68172002  0.21328001 -0.10725000  0.10159000  0.10159000  0.03268000  0.12842000  0.64713001 -0.60702002 -0.82822001  0.47064999  0.47064999  0.47064999 -0.21573999  0.19042000 -0.30105001  0.32547000
NHie Asp Val Nme  0.07605000  0.40626002 -0.67379999  0.24397001 -0.12575000  0.12392000  0.12392000  0.03640000  0.12272000  0.64792001 -0.65613001 -0.82884002  0.46112999  0.46112999  0.46112999 -0.23490000  0.19036000 -0.31340000  0.31334999
NHie Tyr Val Nme  0.08656000  0.42462999 -0.70253003  0.20951000 -0.10713000  0.10181000  0.10181000  0.03320000  0.12051000  0.64718002 -0.59274000 -0.82291001  0.47198999  0.47198999  0.47198999 -0.19824000  0.19523001 -0.30085000  0.32642999
NHie Hid Val Nme  0.08751000  0.42519000 -0.68251002  0.21475001 -0.10734000  0.10280000  0.10280000  0.03311000  0.12718000  0.64938998 -0.59582001 -0.82503998  0.47048000  0.47048000  0.47048000 -0.21788000  0.18918000 -0.30100000  0.32525000
NHie Lys Val Nme  0.09342000  0.43596000 -0.68984002  0.20097999 -0.09955000  0.09218000  0.09218000  0.03667000  0.13084001  0.64194000 -0.58862001 -0.82881999  0.47573999  0.47573999  0.47573999 -0.20958000  0.18900000 -0.29581001  0.33135000
NHie Hie Val Nme  0.08697000  0.42335001 -0.67782003  0.21694000 -0.10937000  0.10364000  0.10364000  0.03169000  0.12978000  0.65160000 -0.60697001 -0.82534999  0.46858999  0.46858999  0.46858999 -0.22182999  0.18889000 -0.30263999  0.32424000
NHie Hip Val Nme  0.09663000  0.43827998 -0.69384998  0.18831999 -0.09362000  0.08925000  0.08925000  0.03941000  0.13101999  0.63410002 -0.55760998 -0.82323998  0.47674000  0.47674000  0.47674000 -0.19983000  0.19166000 -0.29385001  0.33458000
NHie Val Val Nme  0.08849000  0.42410001 -0.67684001  0.21275000 -0.10694000  0.10064000  0.10064000  0.03446000  0.12985000  0.64880002 -0.61141002 -0.82653999  0.46936000  0.46936000  0.46936000 -0.22115999  0.19045000 -0.30204001  0.32499999
NHie Arg Val Nme  0.09457000  0.43224001 -0.69742000  0.20322999 -0.10406000  0.10313000  0.10313000  0.04298000  0.11933000  0.63762999 -0.57789999 -0.83046001  0.47509000  0.47509000  0.47509000 -0.20497000  0.19148000 -0.29747999  0.33004001
NHie Cyx Val Nme  0.08830000  0.42875999 -0.66519999  0.21247000 -0.10540000  0.09555000  0.09555000  0.04295000  0.12132000  0.65891999 -0.59858000 -0.83587998  0.47097999  0.47097999  0.47097999 -0.22141001  0.18968000 -0.30070001  0.32207000
NHie Trp Val Nme  0.08681000  0.42449001 -0.68541998  0.21122000 -0.10706000  0.10015000  0.10015000  0.02949000  0.12590000  0.64737999 -0.59658003 -0.82297999  0.47029999  0.47029999  0.47029999 -0.21280000  0.19101000 -0.30105999  0.32583001
NHie Ser Val Nme  0.08680000  0.42457000 -0.68786001  0.21272001 -0.10761000  0.10168000  0.10168000  0.03699000  0.12612000  0.64839000 -0.61237001 -0.82608002  0.47066000  0.47066000  0.47066000 -0.20968001  0.19271000 -0.30023000  0.32519999
NHie Ile Val Nme  0.08883000  0.42488000 -0.67883003  0.21719000 -0.10575000  0.10079000  0.10079000  0.03680000  0.12891000  0.64840001 -0.61102998 -0.83418000  0.46977001  0.46977001  0.46977001 -0.21945000  0.18798999 -0.30217999  0.32424000
NHie Ash Val Nme  0.08716000  0.42625001 -0.69032001  0.21455001 -0.10713000  0.10514000  0.10514000  0.03546000  0.12692000  0.65214998 -0.58784997 -0.82596999  0.47057000  0.47057000  0.47057000 -0.21236999  0.19219001 -0.30098000  0.32517001
NHie Phe Val Nme  0.08800000  0.42541999 -0.67553002  0.21270999 -0.10841000  0.10183000  0.10183000  0.03123000  0.13052000  0.64915001 -0.60178000 -0.82444000  0.46952999  0.46952999  0.46952999 -0.22231001  0.18978000 -0.30213001  0.32515001
NHie Pro Val Nme  0.08836000  0.42234999 -0.67945999  0.22065000 -0.10561000  0.10038000  0.10038000  0.04051000  0.12801000  0.65661001 -0.59135997 -0.82673001  0.46741000  0.46741000  0.46741000 -0.22248000  0.18758000 -0.30210000  0.32348001
NHie Gln Val Nme  0.08932000  0.42519000 -0.69862997  0.21443001 -0.10812000  0.10408000  0.10408000  0.03844000  0.12266000  0.64363998 -0.59824997 -0.83595997  0.47264001  0.47264001  0.47264001 -0.20655000  0.19382000 -0.30002001  0.32549000
NHie Gly Val Nme  0.08864000  0.42743000 -0.67918003  0.21772000 -0.10796000  0.10207000  0.10207000  0.03627000  0.12744001  0.64581001 -0.59201002 -0.83481997  0.47130999  0.47130999  0.47130999 -0.22099000  0.18795000 -0.30079999  0.32477000
NHie Met Val Nme  0.08818000  0.42467001 -0.69660997  0.21119000 -0.10632000  0.10253000  0.10253000  0.04005000  0.12105000  0.64639002 -0.60558999 -0.83301002  0.47244999  0.47244999  0.47244999 -0.20442000  0.19407999 -0.30138001  0.32589999
NHie Cys Val Nme  0.08831000  0.42454001 -0.69529998  0.21089000 -0.10659000  0.10375000  0.10375000  0.03775000  0.12421000  0.64077997 -0.59490001 -0.82707000  0.47128999  0.47128999  0.47128999 -0.20480999  0.19501001 -0.30033001  0.32591999
