NHip Hie Val Nme  0.28483999  0.03695000 -0.15315001  0.36559999 -0.12340000 -0.05368000  0.13889000  0.13889000  0.01468000  0.12434000  0.64765001 -0.57179999 -0.83291000  0.47514999  0.47514999  0.47514999 -0.08174000  0.24810000 -0.12412000  0.38602999
NHip Ala Val Nme  0.28555000  0.03735000 -0.15165999  0.36779001 -0.12575000 -0.05058000  0.13928001  0.13928001  0.01740000  0.12113000  0.63990998 -0.56522000 -0.83533001  0.47525999  0.47525999  0.47525999 -0.08095000  0.24910000 -0.12475000  0.38672999
NHip Asp Val Nme  0.27603001  0.00476000 -0.15708999  0.36234000 -0.07976000 -0.08747000  0.17489000  0.17489000  0.02002000  0.11521000  0.66390997 -0.61817998 -0.83980000  0.46515000  0.46515000  0.46515000 -0.10668000  0.25014001 -0.12596001  0.37309000
NHip Arg Val Nme  0.29291999  0.04699000 -0.15669000  0.36544001 -0.13644000 -0.04798000  0.13935999  0.13935999  0.03029000  0.12142000  0.63624000 -0.54854000 -0.84219998  0.47878000  0.47878000  0.47878000 -0.07462000  0.24891999 -0.12378000  0.39116999
NHip Hip Val Nme  0.29109001  0.05671000 -0.15728000  0.36723000 -0.15437999 -0.04233000  0.12415000  0.12415000  0.02735000  0.13758001  0.63045001 -0.53727001 -0.83423001  0.48177999  0.48177999  0.48177999 -0.06207000  0.24921000 -0.12161000  0.39594999
NHip Phe Val Nme  0.28571001  0.03719000 -0.14481001  0.37040999 -0.12310000 -0.05292000  0.13802999  0.13802999  0.01573000  0.12176000  0.64534003 -0.56756002 -0.83352000  0.47631001  0.47631001  0.47631001 -0.09217000  0.24618000 -0.12521000  0.38607001
NHip Gly Val Nme  0.28753999  0.03943000 -0.15046000  0.36662999 -0.12517001 -0.05218000  0.13719000  0.13719000  0.02212000  0.12452000  0.63848001 -0.54995000 -0.83999002  0.47718999  0.47718999  0.47718999 -0.08198000  0.24662000 -0.12398000  0.38699001
NHip Ash Val Nme  0.28565001  0.03733000 -0.15317001  0.36682999 -0.12538999 -0.05254000  0.14140999  0.14140999  0.02123000  0.12450000  0.64375001 -0.54980999 -0.83623999  0.47593000  0.47593000  0.47593000 -0.08019000  0.24857999 -0.12376000  0.38624999
NHip Met Val Nme  0.28496000  0.03747000 -0.15609001  0.36392999 -0.12927000 -0.05012000  0.13824000  0.13824000  0.02070000  0.12298000  0.64296001 -0.57308000 -0.84083998  0.47529000  0.47529000  0.47529000 -0.07160000  0.25154999 -0.12403000  0.38712001
NHip Cyx Val Nme  0.28178999  0.02885000 -0.16809000  0.35185000 -0.15245000 -0.04187000  0.12747000  0.12747000  0.02653000  0.14528000  0.64476001 -0.59928000 -0.83708000  0.47516999  0.47516999  0.47516999 -0.02521000  0.28235000 -0.12216000  0.38448000
NHip Cys Val Nme  0.28529000  0.03814000 -0.15415999  0.36701000 -0.12848000 -0.05107000  0.13965000  0.13965000  0.02019000  0.12389000  0.63931000 -0.56806999 -0.83573001  0.47562000  0.47562000  0.47562000 -0.07640000  0.25075999 -0.12422000  0.38700000
NHip Hid Val Nme  0.28534999  0.03824000 -0.15646000  0.36377999 -0.12660000 -0.05191000  0.13864000  0.13864000  0.01803000  0.12483000  0.64503002 -0.56533998 -0.83460999  0.47600999  0.47600999  0.47600999 -0.07568000  0.25003001 -0.12356000  0.38677999
NHip Val Val Nme  0.28718001  0.03856000 -0.13902999  0.37441999 -0.11956000 -0.05129000  0.13569000  0.13569000  0.02119000  0.12412000  0.64411998 -0.57925999 -0.83511001  0.47576001  0.47576001  0.47576001 -0.10436000  0.24234000 -0.12526000  0.38602999
NHip Glu Val Nme  0.27555999  0.01442000 -0.14862999  0.36201000 -0.10289000 -0.05612000  0.13519000  0.13519000  0.00694000  0.12217000  0.65160000 -0.58450001 -0.83816999  0.47459999  0.47459999  0.47459999 -0.08306000  0.25356001 -0.12499000  0.37717000
NHip Pro Val Nme  0.29023999  0.04101000 -0.13629000  0.37525001 -0.10374000 -0.05288000  0.13122000  0.13122000  0.03046000  0.12431000  0.65249997 -0.57011998 -0.83511001  0.47641000  0.47641000  0.47641000 -0.11855000  0.23104000 -0.12605999  0.38416001
NHip Tyr Val Nme  0.28597000  0.03737000 -0.14834000  0.36829001 -0.12482000 -0.05371000  0.13930000  0.13930000  0.01460000  0.12362000  0.64387000 -0.56624001 -0.83323997  0.47589001  0.47589001  0.47589001 -0.08705000  0.24844000 -0.12590000  0.38644001
NHip Lys Val Nme  0.29039001  0.04974000 -0.15353000  0.36528999 -0.13876000 -0.04489000  0.12970000  0.12970000  0.02296000  0.12586000  0.63673001 -0.55554003 -0.83557999  0.48021999  0.48021999  0.48021999 -0.07451000  0.24727000 -0.12241000  0.39236998
NHip Ile Val Nme  0.28731999  0.03845000 -0.14464999  0.37055999 -0.12160000 -0.05107000  0.13631000  0.13631000  0.02193000  0.12433000  0.64407999 -0.57809001 -0.84055000  0.47593001  0.47593001  0.47593001 -0.09430000  0.24436000 -0.12482000  0.38556001
NHip Thr Val Nme  0.28547001  0.03644000 -0.15570000  0.36592999 -0.12480000 -0.05233000  0.14267001  0.14267001  0.01848000  0.12370000  0.63793999 -0.56242001 -0.83573002  0.47444999  0.47444999  0.47444999 -0.08044000  0.25128001 -0.12481000  0.38593000
NHip Glh Val Nme  0.28667000  0.03867000 -0.15462001  0.36513001 -0.12815000 -0.05046000  0.13710999  0.13710999  0.02112000  0.12412000  0.64758003 -0.57291001 -0.84064001  0.47635001  0.47635001  0.47635001 -0.07354000  0.24980000 -0.12451000  0.38690001
NHip Asn Val Nme  0.28448999  0.03637000 -0.15349001  0.36563000 -0.12157000 -0.05565000  0.14268000  0.14268000  0.01943000  0.12161000  0.65275002 -0.56194001 -0.83630001  0.47595999  0.47595999  0.47595999 -0.08157000  0.24727000 -0.12368000  0.38547999
NHip Gln Val Nme  0.28731000  0.03737000 -0.15488000  0.36500001 -0.12500000 -0.05217000  0.14100000  0.14100000  0.02340000  0.12160000  0.63643002 -0.55540001 -0.84231001  0.47437000  0.47437000  0.47437000 -0.07771000  0.24912000 -0.12458000  0.38665000
NHip Trp Val Nme  0.28601000  0.03665000 -0.15147001  0.36765000 -0.12623000 -0.05180000  0.13784000  0.13784000  0.01268000  0.12339000  0.64318001 -0.56805003 -0.83371001  0.47540000  0.47540000  0.47540000 -0.08402000  0.24912000 -0.12526999  0.38640001
NHip Ser Val Nme  0.28532001  0.03850000 -0.15338001  0.36640000 -0.12730999 -0.05221000  0.13692001  0.13692001  0.01893000  0.12671000  0.64212000 -0.58065999 -0.83471000  0.47635001  0.47635001  0.47635001 -0.07675000  0.25000000 -0.12442000  0.38683999
NHip Leu Val Nme  0.28505001  0.03842000 -0.14361000  0.37171000 -0.12302000 -0.05263000  0.13581000  0.13581000  0.01761000  0.12356000  0.64388001 -0.57321000 -0.83577001  0.47705999  0.47705999  0.47705999 -0.09371999  0.24493000 -0.12447000  0.38648999
NHip Lyn Val Nme  0.28676999  0.03855000 -0.14880000  0.36805999 -0.12093000 -0.05140000  0.13929001  0.13929001  0.02090000  0.11860000  0.64045000 -0.56718999 -0.84039998  0.47635999  0.47635999  0.47635999 -0.08638000  0.24596000 -0.12524000  0.38547000
