NIle Ala Val Nme  0.46792000 -0.82538998  0.02852000  0.12067000  0.65183002 -0.60223001 -0.08611000  0.10713000 -0.12063000  0.06282000  0.06282000  0.06282000 -0.10056000  0.06017000  0.06017000 -0.11047000  0.04971000  0.04971000  0.04971000  0.46792000  0.46792000
NIle Hid Val Nme  0.46886000 -0.82463002  0.02931000  0.12357000  0.65767002 -0.59469002 -0.08461000  0.10060000 -0.12358000  0.06291000  0.06291000  0.06291000 -0.10022000  0.05991000  0.05991000 -0.11054000  0.05027000  0.05027000  0.05027000  0.46886000  0.46886000
NIle Met Val Nme  0.46858001 -0.82433999  0.02800000  0.12188000  0.65366000 -0.60356999 -0.08638000  0.10721000 -0.12017000  0.06221000  0.06221000  0.06221000 -0.10091000  0.06047000  0.06047000 -0.11022000  0.04984000  0.04984000  0.04984000  0.46858001  0.46858001
NIle Arg Val Nme  0.47192001 -0.82549000  0.03044000  0.11927000  0.64929998 -0.57288003 -0.08187000  0.09702000 -0.12477000  0.06759000  0.06759000  0.06759000 -0.10453000  0.06754000  0.06754000 -0.10971000  0.04889000  0.04889000  0.04889000  0.47192001  0.47192001
NIle Cyx Val Nme  0.46844000 -0.82357001  0.02810000  0.12577000  0.65907002 -0.58942997 -0.08572000  0.10233000 -0.12172000  0.06388000  0.06388000  0.06388000 -0.10186000  0.06041000  0.06041000 -0.10998000  0.04963000  0.04963000  0.04963000  0.46844000  0.46844000
NIle Phe Val Nme  0.46816999 -0.82499999  0.02840000  0.12326000  0.65871000 -0.59789997 -0.08469000  0.10352000 -0.12442000  0.06303000  0.06303000  0.06303000 -0.09992000  0.05945000  0.05945000 -0.11010000  0.04998000  0.04998000  0.04998000  0.46816999  0.46816999
NIle Hie Val Nme  0.46724001 -0.82467002  0.02834000  0.12207000  0.66057003 -0.60325998 -0.08508000  0.10649000 -0.12028000  0.06188000  0.06188000  0.06188000 -0.10105000  0.05862000  0.05862000 -0.10978000  0.04945000  0.04945000  0.04945000  0.46724001  0.46724001
NIle Lys Val Nme  0.47387999 -0.83209002  0.03106000  0.13157000  0.65046001 -0.59890002 -0.08479000  0.09475000 -0.11662000  0.05697000  0.05697000  0.05697000 -0.10008000  0.06319000  0.06319000 -0.11103000  0.05366000  0.05366000  0.05366000  0.47387999  0.47387999
NIle Glh Val Nme  0.46886000 -0.82429999  0.02669000  0.12374000  0.65551001 -0.59785998 -0.08653000  0.10662000 -0.12018000  0.06287000  0.06287000  0.06287000 -0.10107000  0.06067000  0.06067000 -0.11023000  0.05000000  0.05000000  0.05000000  0.46886000  0.46886000
NIle Asn Val Nme  0.46845001 -0.82492000  0.02836000  0.12179000  0.66325003 -0.58522999 -0.08338000  0.10086000 -0.12398000  0.06523000  0.06523000  0.06523000 -0.10179000  0.05986000  0.05986000 -0.10978000  0.04898000  0.04898000  0.04898000  0.46845001  0.46845001
NIle Asp Val Nme  0.45978999 -0.82800001  0.03362000  0.11257000  0.66329003 -0.63949001 -0.08915000  0.13065000 -0.12575000  0.06897000  0.06897000  0.06897000 -0.10069000  0.05022000  0.05022000 -0.10588000  0.04210000  0.04210000  0.04210000  0.45978999  0.45978999
NIle Ash Val Nme  0.46889001 -0.82536000  0.03067000  0.12287000  0.66044998 -0.58520001 -0.08385000  0.10204000 -0.12366000  0.06499000  0.06499000  0.06499000 -0.10178000  0.06074000  0.06074000 -0.11009000  0.04945000  0.04945000  0.04945000  0.46889001  0.46889001
NIle Ile Val Nme  0.46805999 -0.82422000  0.02696000  0.12375000  0.65351999 -0.60720002 -0.08580000  0.10340000 -0.12212000  0.06240000  0.06240000  0.06240000 -0.10059999  0.06025000  0.06025000 -0.11056000  0.05020000  0.05020000  0.05020000  0.46805999  0.46805999
NIle Gln Val Nme  0.46842000 -0.82405001  0.02745000  0.12363000  0.65338999 -0.60213000 -0.08737000  0.10762000 -0.11979000  0.06255000  0.06255000  0.06255000 -0.10141000  0.06064000  0.06064000 -0.11055000  0.05002000  0.05002000  0.05002000  0.46842000  0.46842000
NIle Tyr Val Nme  0.46812999 -0.82458002  0.02812000  0.12326000  0.65930003 -0.59456998 -0.08455000  0.10185000 -0.12157000  0.06277000  0.06277000  0.06277000 -0.10104000  0.05973000  0.05973000 -0.10996000  0.04955000  0.04955000  0.04955000  0.46812999  0.46812999
NIle Cys Val Nme  0.46807000 -0.82550001  0.03156000  0.12428000  0.65381002 -0.60457999 -0.08636000  0.10948000 -0.12144000  0.06272000  0.06272000  0.06272000 -0.10079000  0.05997000  0.05997000 -0.11056000  0.05012000  0.05012000  0.05012000  0.46807000  0.46807000
NIle Trp Val Nme  0.46744999 -0.82375997  0.02866000  0.12351000  0.65935999 -0.61246997 -0.08449000  0.10602000 -0.12049000  0.06255000  0.06255000  0.06255000 -0.10035000  0.05934000  0.05934000 -0.11042000  0.04957000  0.04957000  0.04957000  0.46744999  0.46744999
NIle Ser Val Nme  0.46816999 -0.82508999  0.03018000  0.12485000  0.65543997 -0.60342997 -0.08697000  0.10563000 -0.12218000  0.06265000  0.06265000  0.06265000 -0.10010000  0.06009000  0.06009000 -0.11125000  0.05034000  0.05034000  0.05034000  0.46816999  0.46816999
NIle Val Val Nme  0.46794999 -0.82415003  0.02692000  0.12419000  0.65404999 -0.60663998 -0.08626000  0.10350000 -0.12179000  0.06226000  0.06226000  0.06226000 -0.10086000  0.06026000  0.06026000 -0.11041000  0.05019000  0.05019000  0.05019000  0.46794999  0.46794999
NIle Hip Val Nme  0.47430000 -0.82565999  0.03544000  0.13416000  0.64471001 -0.56809002 -0.08287000  0.09215000 -0.12110000  0.05900000  0.05900000  0.05900000 -0.10275000  0.06702000  0.06702000 -0.11316000  0.05448000  0.05448000  0.05448000  0.47430000  0.47430000
NIle Gly Val Nme  0.46862000 -0.82445002  0.02947000  0.12377000  0.64895999 -0.60049999 -0.08682000  0.10549000 -0.12070000  0.06229000  0.06229000  0.06229000 -0.10088000  0.06067000  0.06067000 -0.11048000  0.05020000  0.05020000  0.05020000  0.46862000  0.46862000
NIle Pro Val Nme  0.46996000 -0.83181000  0.03613000  0.11554000  0.66192001 -0.59100002 -0.08315000  0.10332000 -0.12446000  0.06317000  0.06317000  0.06317000 -0.09357000  0.05128000  0.05128000 -0.10430000  0.05086000  0.05086000  0.05086000  0.46996000  0.46996000
NIle Thr Val Nme  0.46825999 -0.82467997  0.02728000  0.12177000  0.65363997 -0.60663003 -0.08382000  0.10885000 -0.12036000  0.06244000  0.06244000  0.06244000 -0.10110999  0.06011000  0.06011000 -0.11055000  0.04995000  0.04995000  0.04995000  0.46825999  0.46825999
NIle Glu Val Nme  0.46355000 -0.82148999  0.02006000  0.12520000  0.65859997 -0.62039000 -0.08942000  0.11388000 -0.11679000  0.05872000  0.05872000  0.05872000 -0.09783000  0.05155000  0.05155000 -0.10953000  0.04910000  0.04910000  0.04910000  0.46355000  0.46355000
NIle Leu Val Nme  0.46825001 -0.82371998  0.02719000  0.12460000  0.65401000 -0.60703999 -0.08686000  0.10342000 -0.12106000  0.06186000  0.06186000  0.06186000 -0.10065000  0.06034000  0.06034000 -0.11023000  0.05018000  0.05018000  0.05018000  0.46825001  0.46825001
NIle Lyn Val Nme  0.46987000 -0.83362001  0.02781000  0.12184000  0.65300000 -0.60854000 -0.08588000  0.10809000 -0.11699000  0.06113000  0.06113000  0.06113000 -0.09894000  0.05994000  0.05994000 -0.10922000  0.04941000  0.04941000  0.04941000  0.46987000  0.46987000
