NLeu Ash Val Nme  0.46904001 -0.83318001  0.03370000  0.12147000  0.65973997 -0.58380997 -0.11097000  0.09844000  0.09844000 -0.07652000  0.02570000 -0.10262000  0.05278000  0.05278000  0.05278000 -0.10262000  0.05278000  0.05278000  0.05278000  0.46904001  0.46904001
NLeu Tyr Val Nme  0.46855000 -0.82991999  0.02987000  0.12507001  0.65601999 -0.59562999 -0.11266000  0.09359000  0.09359000 -0.07723000  0.02785000 -0.10282000  0.05290000  0.05290000  0.05290000 -0.10282000  0.05290000  0.05290000  0.05290000  0.46855000  0.46855000
NLeu Lyn Val Nme  0.46946001 -0.83658999  0.03065000  0.12123000  0.64665997 -0.60149998 -0.11091000  0.09712000  0.09712000 -0.07409000  0.02679000 -0.10294000  0.05285000  0.05285000  0.05285000 -0.10294000  0.05285000  0.05285000  0.05285000  0.46946001  0.46946001
NLeu Ser Val Nme  0.46849000 -0.83284998  0.03294000  0.12476000  0.65552998 -0.60351998 -0.11188000  0.09611000  0.09611000 -0.07559000  0.02495000 -0.10290000  0.05305000  0.05305000  0.05305000 -0.10290000  0.05305000  0.05305000  0.05305000  0.46849000  0.46849000
NLeu Leu Val Nme  0.46855000 -0.83111000  0.02889000  0.12543000  0.65482002 -0.60213000 -0.11176000  0.09349000  0.09349000 -0.07505000  0.02687000 -0.10314000  0.05311000  0.05311000  0.05311000 -0.10314000  0.05311000  0.05311000  0.05311000  0.46855000  0.46855000
NLeu Phe Val Nme  0.46842000 -0.83081001  0.02991000  0.12418000  0.65770000 -0.59724998 -0.11249000  0.09438000  0.09438000 -0.07611000  0.02788000 -0.10292000  0.05279000  0.05279000  0.05279000 -0.10292000  0.05279000  0.05279000  0.05279000  0.46842000  0.46842000
NLeu Ala Val Nme  0.46840999 -0.83226001  0.02777000  0.12166000  0.65039998 -0.59666997 -0.11039000  0.09676000  0.09676000 -0.07476000  0.02532000 -0.10322000  0.05317000  0.05317000  0.05317000 -0.10322000  0.05317000  0.05317000  0.05317000  0.46840999  0.46840999
NLeu Hie Val Nme  0.46770999 -0.83086997  0.02868000  0.12369000  0.65772998 -0.60338998 -0.11179000  0.09501000  0.09501000 -0.07554000  0.02641000 -0.10260000  0.05245000  0.05245000  0.05245000 -0.10260000  0.05245000  0.05245000  0.05245000  0.46770999  0.46770999
NLeu Glh Val Nme  0.46926001 -0.83191001  0.02986000  0.12277000  0.65265000 -0.59257001 -0.11218000  0.09738000  0.09738000 -0.07625000  0.02611000 -0.10315000  0.05338000  0.05338000  0.05338000 -0.10315000  0.05338000  0.05338000  0.05338000  0.46926001  0.46926001
NLeu Glu Val Nme  0.46469000 -0.83222002  0.02217000  0.11819000  0.65177000 -0.61018002 -0.11003000  0.09837000  0.09837000 -0.07420000  0.01840000 -0.10160000  0.05025000  0.05025000  0.05025000 -0.10160000  0.05025000  0.05025000  0.05025000  0.46469000  0.46469000
NLeu Lys Val Nme  0.47400001 -0.83576000  0.03385000  0.13135000  0.64771998 -0.58507001 -0.10852000  0.08374000  0.08374000 -0.07653000  0.03740000 -0.10245000  0.05349000  0.05349000  0.05349000 -0.10245000  0.05349000  0.05349000  0.05349000  0.47400001  0.47400001
NLeu Hid Val Nme  0.46919999 -0.83129001  0.03062000  0.12318000  0.65686000 -0.59158999 -0.11058000  0.09398000  0.09398000 -0.07648000  0.02823000 -0.10293000  0.05277000  0.05277000  0.05277000 -0.10293000  0.05277000  0.05277000  0.05277000  0.46919999  0.46919999
NLeu Hip Val Nme  0.47514001 -0.83152002  0.03557000  0.13215999  0.64089000 -0.55351001 -0.10598000  0.08277000  0.08277000 -0.07860000  0.04025000 -0.10364000  0.05494000  0.05494000  0.05494000 -0.10364000  0.05494000  0.05494000  0.05494000  0.47514001  0.47514001
NLeu Asn Val Nme  0.46866000 -0.83226001  0.03209000  0.12266000  0.66323000 -0.58464003 -0.11301000  0.09690000  0.09690000 -0.07640000  0.02718000 -0.10235000  0.05225000  0.05225000  0.05225000 -0.10235000  0.05225000  0.05225000  0.05225000  0.46866000  0.46866000
NLeu Trp Val Nme  0.46779001 -0.83113998  0.03055000  0.12219000  0.65695000 -0.60188001 -0.11061000  0.09281000  0.09281000 -0.07567000  0.03169000 -0.10229000  0.05210000  0.05210000  0.05210000 -0.10229000  0.05210000  0.05210000  0.05210000  0.46779001  0.46779001
NLeu Thr Val Nme  0.46811000 -0.83307999  0.03168000  0.12143000  0.64960998 -0.59920001 -0.11166000  0.09924000  0.09924000 -0.07555000  0.02368000 -0.10291000  0.05308000  0.05308000  0.05308000 -0.10291000  0.05308000  0.05308000  0.05308000  0.46811000  0.46811000
NLeu Gln Val Nme  0.46880999 -0.83200997  0.02990000  0.12321000  0.65011001 -0.59649003 -0.11311000  0.09707000  0.09707000 -0.07465000  0.02510000 -0.10334000  0.05339000  0.05339000  0.05339000 -0.10334000  0.05339000  0.05339000  0.05339000  0.46880999  0.46880999
NLeu Gly Val Nme  0.46901000 -0.83226001  0.03245000  0.12329000  0.64700002 -0.59709000 -0.11177000  0.09598000  0.09598000 -0.07614000  0.02546000 -0.10324000  0.05337000  0.05337000  0.05337000 -0.10324000  0.05337000  0.05337000  0.05337000  0.46901000  0.46901000
NLeu Asp Val Nme  0.45872000 -0.83437997  0.03697000  0.11800000  0.65605998 -0.64954001 -0.12809999  0.12245000  0.12245000 -0.07248000  0.00954000 -0.09982000  0.04807000  0.04807000  0.04807000 -0.09982000  0.04807000  0.04807000  0.04807000  0.45872000  0.45872000
NLeu Pro Val Nme  0.46403000 -0.83187997  0.04386000  0.11531000  0.65860999 -0.57660001 -0.10869000  0.10221000  0.10221000 -0.07596000  0.02273000 -0.10154000  0.05120000  0.05120000  0.05120000 -0.10154000  0.05120000  0.05120000  0.05120000  0.46403000  0.46403000
NLeu Met Val Nme  0.46867999 -0.83081001  0.03057000  0.12273000  0.65276998 -0.59948999 -0.11392000  0.09676000  0.09676000 -0.07562000  0.02567000 -0.10321000  0.05324000  0.05324000  0.05324000 -0.10321000  0.05324000  0.05324000  0.05324000  0.46867999  0.46867999
NLeu Arg Val Nme  0.47152001 -0.83253002  0.03320000  0.12097000  0.64109999 -0.56391001 -0.11281000  0.09865000  0.09865000 -0.07634000  0.03017000 -0.10380000  0.05475000  0.05475000  0.05475000 -0.10380000  0.05475000  0.05475000  0.05475000  0.47152001  0.47152001
NLeu Cyx Val Nme  0.46871001 -0.83199000  0.03185000  0.12393000  0.65578002 -0.58398998 -0.11160000  0.09767000  0.09767000 -0.07643000  0.02483000 -0.10281000  0.05287000  0.05287000  0.05287000 -0.10281000  0.05287000  0.05287000  0.05287000  0.46871001  0.46871001
NLeu Ile Val Nme  0.46836001 -0.82986999  0.02944000  0.12636000  0.65489000 -0.60876000 -0.11266000  0.09282000  0.09282000 -0.07605000  0.02695000 -0.10313000  0.05328000  0.05328000  0.05328000 -0.10313000  0.05328000  0.05328000  0.05328000  0.46836001  0.46836001
NLeu Cys Val Nme  0.46888000 -0.83234000  0.03179000  0.12510000  0.65069997 -0.59913999 -0.11198000  0.09726000  0.09726000 -0.07512000  0.02473000 -0.10338000  0.05351000  0.05351000  0.05351000 -0.10338000  0.05351000  0.05351000  0.05351000  0.46888000  0.46888000
NLeu Val Val Nme  0.46840000 -0.83007002  0.02902000  0.12673000  0.65513003 -0.60821998 -0.11229000  0.09257000  0.09257000 -0.07576000  0.02714000 -0.10312000  0.05327000  0.05327000  0.05327000 -0.10312000  0.05327000  0.05327000  0.05327000  0.46840000  0.46840000
