NLyn Hip Val Nme  0.47459000 -0.83003003  0.04011000  0.12598000  0.63906002 -0.55069000 -0.10832000  0.08570000  0.08570000 -0.08995000  0.05148000  0.05148000 -0.13287000  0.04622000  0.04622000  0.17014000  0.05862000  0.05862000 -0.90755999  0.36480999  0.36480999  0.47459000  0.47459000
NLyn Leu Val Nme  0.46781001 -0.82659000  0.03222000  0.12138000  0.65307999 -0.59816003 -0.11457000  0.09475000  0.09475000 -0.08659000  0.04465000  0.04465000 -0.13210000  0.05212000  0.05212000  0.16473000  0.05440000  0.05440000 -0.90476000  0.35933000  0.35933000  0.46781001  0.46781001
NLyn Cyx Val Nme  0.46788001 -0.82937002  0.03588000  0.12017000  0.65525001 -0.57755000 -0.11505000  0.09758000  0.09758000 -0.08611000  0.04363000  0.04363000 -0.13083001  0.05383000  0.05383000  0.16335000  0.05359000  0.05359000 -0.90426999  0.35861000  0.35861000  0.46788001  0.46788001
NLyn Lys Val Nme  0.47239000 -0.82789999  0.03691000  0.12419000  0.64437997 -0.57420999 -0.10993000  0.08713000  0.08713000 -0.08976000  0.05045000  0.05045000 -0.13130000  0.04606000  0.04606000  0.16707000  0.05878000  0.05878000 -0.90518999  0.36138999  0.36138999  0.47239000  0.47239000
NLyn Phe Val Nme  0.46763000 -0.82757997  0.03317000  0.11687000  0.65377003 -0.58946001 -0.11387000  0.09686000  0.09686000 -0.08701000  0.04355000  0.04355000 -0.13175000  0.05202000  0.05202000  0.16486999  0.05439000  0.05439000 -0.90537000  0.35938999  0.35938999  0.46763000  0.46763000
NLyn Hie Val Nme  0.46682999 -0.82788002  0.03392000  0.11898000  0.65555000 -0.59636998 -0.11557000  0.09743000  0.09743000 -0.08688000  0.04300000  0.04300000 -0.13117000  0.05203000  0.05203000  0.16360000  0.05411000  0.05411000 -0.90407002  0.35854000  0.35854000  0.46682999  0.46682999
NLyn Cys Val Nme  0.46811000 -0.82835001  0.03541000  0.12110000  0.64868999 -0.59245998 -0.11527000  0.09792000  0.09792000 -0.08607000  0.04351000  0.04351000 -0.13267000  0.05351000  0.05351000  0.16546001  0.05370000  0.05370000 -0.90557998  0.35997999  0.35997999  0.46811000  0.46811000
NLyn Gly Val Nme  0.46805999 -0.82810998  0.03571000  0.12090000  0.64528000 -0.58573997 -0.11479000  0.09656000  0.09656000 -0.08682000  0.04386000  0.04386000 -0.13232000  0.05314000  0.05314000  0.16538000  0.05370000  0.05370000 -0.90601999  0.36021000  0.36021000  0.46805999  0.46805999
NLyn Asp Val Nme  0.45773000 -0.83104002  0.03436000  0.11663000  0.65594000 -0.63944000 -0.12698001  0.12199000  0.12199000 -0.07891000  0.02747000  0.02747000 -0.12680000  0.06101000  0.06101000  0.15818000  0.04629000  0.04629000 -0.90625000  0.35396999  0.35396999  0.45773000  0.45773000
NLyn Ile Val Nme  0.46754000 -0.82767999  0.03314000  0.11944000  0.65112001 -0.59680998 -0.11307000  0.09545000  0.09545000 -0.08665000  0.04331000  0.04331000 -0.13145000  0.05285000  0.05285000  0.16493000  0.05382000  0.05382000 -0.90569001  0.35981000  0.35981000  0.46754000  0.46754000
NLyn Gln Val Nme  0.46770001 -0.82836002  0.03398000  0.11874000  0.64683002 -0.58763999 -0.11589000  0.09878000  0.09878000 -0.08604000  0.04240000  0.04240000 -0.13206001  0.05434000  0.05434000  0.16546001  0.05315000  0.05315000 -0.90605003  0.36006999  0.36006999  0.46770001  0.46770001
NLyn Trp Val Nme  0.46731001 -0.82731998  0.03204000  0.11629000  0.65256000 -0.58771998 -0.11327000  0.09555000  0.09555000 -0.08713000  0.04369000  0.04369000 -0.13127001  0.05116000  0.05116000  0.16497000  0.05443000  0.05443000 -0.90600002  0.35942999  0.35942999  0.46731001  0.46731001
NLyn Pro Val Nme  0.46527001 -0.83824003  0.04842000  0.11610000  0.64814001 -0.57236999 -0.11363000  0.10399000  0.10399000 -0.08518000  0.03991000  0.03991000 -0.13115001  0.05405000  0.05405000  0.16396999  0.05231000  0.05231000 -0.90546000  0.35916999  0.35916999  0.46527001  0.46527001
NLyn Ser Val Nme  0.46777001 -0.82972002  0.03722000  0.11976000  0.64911997 -0.59447998 -0.11380000  0.09662000  0.09662000 -0.08656000  0.04389000  0.04389000 -0.13141000  0.05322000  0.05322000  0.16471000  0.05367000  0.05367000 -0.90570998  0.35968000  0.35968000  0.46777001  0.46777001
NLyn Lyn Val Nme  0.46761998 -0.82814998  0.03250000  0.11643000  0.64818001 -0.58854997 -0.11291000  0.09840000  0.09840000 -0.08633000  0.04254000  0.04254000 -0.13197000  0.05351000  0.05351000  0.16501000  0.05340000  0.05340000 -0.90504998  0.35973999  0.35973999  0.46761998  0.46761998
NLyn Met Val Nme  0.46781001 -0.82795000  0.03395000  0.11864000  0.64929003 -0.59297001 -0.11589000  0.09781000  0.09781000 -0.08610000  0.04303000  0.04303000 -0.13251001  0.05379000  0.05379000  0.16512001  0.05364000  0.05364000 -0.90557998  0.35979000  0.35979000  0.46781001  0.46781001
NLyn Thr Val Nme  0.46647000 -0.83129001  0.03739000  0.11948000  0.64118999 -0.57466000 -0.11498000  0.10129000  0.10129000 -0.08514000  0.04145000  0.04145000 -0.13218001  0.05415000  0.05415000  0.16471000  0.05301000  0.05301000 -0.90539998  0.35942998  0.35942998  0.46647000  0.46647000
NLyn Tyr Val Nme  0.46768999 -0.82726997  0.03278000  0.11763000  0.65349001 -0.58960998 -0.11398000  0.09636000  0.09636000 -0.08672000  0.04378000  0.04378000 -0.13240001  0.05199000  0.05199000  0.16466001  0.05422000  0.05422000 -0.90442997  0.35927001  0.35927001  0.46768999  0.46768999
NLyn Val Val Nme  0.46757999 -0.82726002  0.03336000  0.12052000  0.65179998 -0.59894001 -0.11357000  0.09482000  0.09482000 -0.08681000  0.04383000  0.04383000 -0.13188000  0.05276000  0.05276000  0.16547001  0.05360000  0.05360000 -0.90673000  0.36045000  0.36045000  0.46757999  0.46757999
NLyn Glh Val Nme  0.46790999 -0.82854003  0.03327000  0.11632000  0.64756000 -0.57890999 -0.11452000  0.09951000  0.09951000 -0.08564000  0.04299000  0.04299000 -0.13266000  0.05351000  0.05351000  0.16520000  0.05381000  0.05381000 -0.90543002  0.35973001  0.35973001  0.46790999  0.46790999
NLyn Ash Val Nme  0.46809000 -0.83002001  0.03845000  0.11760000  0.65740001 -0.57954002 -0.11541000  0.10006000  0.10006000 -0.08640000  0.04179000  0.04179000 -0.13110000  0.05420000  0.05420000  0.16467000  0.05305000  0.05305000 -0.90529001  0.35962000  0.35962000  0.46809000  0.46809000
NLyn Ala Val Nme  0.46674999 -0.83099002  0.03619000  0.11577000  0.64276999 -0.57396001 -0.11194000  0.09782000  0.09782000 -0.08653000  0.04444000  0.04444000 -0.13170999  0.05272000  0.05272000  0.16502000  0.05402000  0.05402000 -0.90586001  0.35945001  0.35945001  0.46674999  0.46674999
NLyn Asn Val Nme  0.46721000 -0.82819003  0.03492000  0.11502000  0.66119999 -0.58105999 -0.11495000  0.10063000  0.10063000 -0.08640000  0.04143000  0.04143000 -0.13136999  0.05363000  0.05363000  0.16419999  0.05329000  0.05329000 -0.90495998  0.35903001  0.35903001  0.46721000  0.46721000
NLyn Arg Val Nme  0.47062001 -0.83113998  0.04060000  0.11607000  0.63738000 -0.56485999 -0.11550000  0.09941000  0.09941000 -0.08699000  0.04384000  0.04384000 -0.13360999  0.05504000  0.05504000  0.16856000  0.05371000  0.05371000 -0.90496999  0.36324000  0.36324000  0.47062001  0.47062001
NLyn Glu Val Nme  0.46290001 -0.82595003  0.02636000  0.11938000  0.64997000 -0.61164999 -0.11470000  0.09715000  0.09715000 -0.08637000  0.04218000  0.04218000 -0.12864999  0.05303000  0.05303000  0.16078000  0.05285000  0.05285000 -0.90684998  0.35543999  0.35543999  0.46290001  0.46290001
NLyn Hid Val Nme  0.46807000 -0.82890999  0.03727000  0.11734000  0.65429002 -0.59108001 -0.11357000  0.09802000  0.09802000 -0.08692000  0.04263000  0.04263000 -0.13129000  0.05307000  0.05307000  0.16468000  0.05369000  0.05369000 -0.90476000  0.35955000  0.35955000  0.46807000  0.46807000
