NLys Glh Val Nme  0.47227999 -0.83285999  0.02980000  0.13348000  0.65051001 -0.59575999 -0.11275000  0.09690000  0.09690000 -0.08855000  0.06731000  0.06731000 -0.11090000  0.08061000  0.08061000  0.10093000  0.11962000  0.11962000 -0.83810002  0.47126001  0.47126001  0.47126001  0.47227999  0.47227999
NLys Hie Val Nme  0.47064999 -0.83209002  0.03005000  0.13247000  0.65215999 -0.60062998 -0.11072000  0.09584000  0.09584000 -0.08904000  0.06893000  0.06893000 -0.10942000  0.07874000  0.07874000  0.10067000  0.11899000  0.11899000 -0.83803999  0.47038999  0.47038999  0.47038999  0.47064999  0.47064999
NLys Ala Val Nme  0.47119999 -0.83323997  0.03155000  0.13044999  0.64810002 -0.59898001 -0.11162000  0.09835000  0.09835000 -0.08947000  0.06427000  0.06427000 -0.11168000  0.08292000  0.08292000  0.10008000  0.12033000  0.12033000 -0.83794999  0.47071001  0.47071001  0.47071001  0.47119999  0.47119999
NLys Ser Val Nme  0.47191000 -0.83351999  0.03344000  0.13691001  0.64802998 -0.60190999 -0.11201000  0.09646000  0.09646000 -0.08888000  0.06648000  0.06648000 -0.10997000  0.08012000  0.08012000  0.10116000  0.11938000  0.11938000 -0.83836001  0.47119999  0.47119999  0.47119999  0.47191000  0.47191000
NLys Glu Val Nme  0.46669000 -0.83336002  0.02421000  0.13890999  0.64920002 -0.62480998 -0.10850000  0.09483000  0.09483000 -0.08955000  0.06884000  0.06884000 -0.10888000  0.07964000  0.07964000  0.10240000  0.11861000  0.11861000 -0.83941001  0.46693000  0.46693000  0.46693000  0.46669000  0.46669000
NLys Cys Val Nme  0.47194001 -0.83357000  0.03365000  0.13493000  0.64725000 -0.60171998 -0.11220000  0.09784000  0.09784000 -0.08883000  0.06692000  0.06692000 -0.11079000  0.08057000  0.08057000  0.10078000  0.11949000  0.11949000 -0.83765000  0.47126999  0.47126999  0.47126999  0.47194001  0.47194001
NLys Tyr Val Nme  0.47150001 -0.83196002  0.02986000  0.13359000  0.64955002 -0.59359002 -0.11210000  0.09450000  0.09450000 -0.08885000  0.06887000  0.06887000 -0.11027000  0.07927000  0.07927000  0.10100000  0.11984000  0.11984000 -0.83828002  0.47104999  0.47104999  0.47104999  0.47150001  0.47150001
NLys Thr Val Nme  0.47102001 -0.83314002  0.03268000  0.13185000  0.64683002 -0.60193002 -0.11111000  0.09869000  0.09869000 -0.08874000  0.06747000  0.06747000 -0.11029000  0.08067000  0.08067000  0.10059000  0.11937000  0.11937000 -0.83767998  0.47082001  0.47082001  0.47082001  0.47102001  0.47102001
NLys Cyx Val Nme  0.47235000 -0.83232999  0.03111000  0.14011000  0.65583998 -0.58362001 -0.11045000  0.09245000  0.09245000 -0.09041000  0.06979000  0.06979000 -0.10862000  0.07969000  0.07969000  0.10101000  0.12042000  0.12042000 -0.83809000  0.47016999  0.47016999  0.47016999  0.47235000  0.47235000
NLys Ash Val Nme  0.47156000 -0.83351999  0.03534000  0.13095000  0.65305001 -0.58434999 -0.11082000  0.09769000  0.09769000 -0.08907000  0.06840000  0.06840000 -0.10973000  0.08010000  0.08010000  0.10135000  0.11961000  0.11961000 -0.83809000  0.47071999  0.47071999  0.47071999  0.47156000  0.47156000
NLys Ile Val Nme  0.47165999 -0.83279002  0.03104000  0.13593000  0.64837998 -0.60584998 -0.11095000  0.09472000  0.09472000 -0.08979000  0.06772000  0.06772000 -0.11004000  0.07967000  0.07967000  0.10050000  0.11939000  0.11939000 -0.83759999  0.47108999  0.47108999  0.47108999  0.47165999  0.47165999
NLys Met Val Nme  0.47154000 -0.83328998  0.03252000  0.13257000  0.64700002 -0.60434997 -0.11201000  0.09611000  0.09611000 -0.08886000  0.06850000  0.06850000 -0.11065000  0.07954000  0.07954000  0.10092000  0.11986000  0.11986000 -0.83774000  0.47097999  0.47097999  0.47097999  0.47154000  0.47154000
NLys Asp Val Nme  0.46171001 -0.83328003  0.02526000  0.12795000  0.65055001 -0.64473999 -0.12054000  0.11160000  0.11160000 -0.08077000  0.06165000  0.06165000 -0.11213000  0.08474000  0.08474000  0.10138000  0.11610000  0.11610000 -0.83820999  0.46564001  0.46564001  0.46564001  0.46171001  0.46171001
NLys Val Val Nme  0.47176999 -0.83291000  0.03085000  0.13590001  0.64859998 -0.60521000 -0.11164000  0.09431000  0.09431000 -0.08919000  0.06807000  0.06807000 -0.11027000  0.07936000  0.07936000  0.10125000  0.11947000  0.11947000 -0.83819002  0.47121000  0.47121000  0.47121000  0.47176999  0.47176999
NLys Arg Val Nme  0.47466999 -0.83306003  0.03583000  0.13247000  0.64385003 -0.56858999 -0.11352000  0.09657000  0.09657000 -0.08933000  0.06890000  0.06890000 -0.11038000  0.08107000  0.08107000  0.10073000  0.12081000  0.12081000 -0.83730000  0.47341001  0.47341001  0.47341001  0.47466999  0.47466999
NLys Asn Val Nme  0.47088000 -0.83289999  0.03112000  0.12926000  0.65925997 -0.58674997 -0.10983000  0.09630000  0.09630000 -0.08913000  0.06981000  0.06981000 -0.10964000  0.07933000  0.07933000  0.10120000  0.12006000  0.12006000 -0.83800000  0.47009000  0.47009000  0.47009000  0.47088000  0.47088000
NLys Hip Val Nme  0.47869000 -0.83538997  0.04234000  0.13912000  0.63911998 -0.56171000 -0.10781000  0.09200000  0.09200000 -0.09295000  0.06896000  0.06896000 -0.10599000  0.07567000  0.07567000  0.10033000  0.12073000  0.12073000 -0.83851999  0.47475001  0.47475001  0.47475001  0.47869000  0.47869000
NLys Gln Val Nme  0.47152001 -0.83279002  0.03098000  0.13214000  0.64762002 -0.60007000 -0.11113000  0.09687000  0.09687000 -0.08786000  0.06727000  0.06727000 -0.11084000  0.08067000  0.08067000  0.10078000  0.11966000  0.11966000 -0.83816999  0.47121000  0.47121000  0.47121000  0.47152001  0.47152001
NLys Lyn Val Nme  0.47124001 -0.83219999  0.03031000  0.13241000  0.64859003 -0.60203999 -0.11156000  0.09617000  0.09617000 -0.08872000  0.06818000  0.06818000 -0.11058000  0.07968000  0.07968000  0.10136000  0.11977999  0.11977999 -0.83846998  0.47114000  0.47114000  0.47114000  0.47124001  0.47124001
NLys Gly Val Nme  0.47259000 -0.83373999  0.03206000  0.13537000  0.64362002 -0.59131998 -0.11245000  0.09547000  0.09547000 -0.08803000  0.06771000  0.06771000 -0.10919000  0.07926000  0.07926000  0.10113000  0.12007000  0.12007000 -0.83768999  0.47077999  0.47077999  0.47077999  0.47259000  0.47259000
NLys Leu Val Nme  0.47158000 -0.83254999  0.03054000  0.13632999  0.64929003 -0.59727001 -0.11226000  0.09556000  0.09556000 -0.08962000  0.06650000  0.06650000 -0.11019000  0.08020000  0.08020000  0.10070000  0.11915000  0.11915000 -0.83791000  0.47128001  0.47128001  0.47128001  0.47158000  0.47158000
NLys Hid Val Nme  0.47178999 -0.83316999  0.03349000  0.13064000  0.65112001 -0.59170002 -0.10890000  0.09498000  0.09498000 -0.08974000  0.06907000  0.06907000 -0.10879000  0.07905000  0.07905000  0.10073000  0.12100000  0.12100000 -0.83793002  0.47069001  0.47069001  0.47069001  0.47178999  0.47178999
NLys Lys Val Nme  0.47650000 -0.83306998  0.03649000  0.13484000  0.64412999 -0.57748002 -0.10810000  0.09111000  0.09111000 -0.09235000  0.07084000  0.07084000 -0.10745000  0.07516000  0.07516000  0.10008000  0.12188000  0.12188000 -0.83815998  0.47301000  0.47301000  0.47301000  0.47650000  0.47650000
NLys Pro Val Nme  0.47433001 -0.83870000  0.03229000  0.11754000  0.65718001 -0.57625997 -0.10997000  0.10094000  0.10094000 -0.08643000  0.05862000  0.05862000 -0.11019000  0.08183000  0.08183000  0.10017000  0.11783000  0.11783000 -0.83737999  0.47139999  0.47139999  0.47139999  0.47433001  0.47433001
NLys Trp Val Nme  0.47095999 -0.83196002  0.03008000  0.13034000  0.65035999 -0.59332001 -0.11192000  0.09547000  0.09547000 -0.08890000  0.06884000  0.06884000 -0.11010000  0.07917001  0.07917001  0.10104000  0.11999000  0.11999000 -0.83771002  0.47026000  0.47026000  0.47026000  0.47095999  0.47095999
NLys Phe Val Nme  0.47137001 -0.83282000  0.03061000  0.13048000  0.65007001 -0.58804000 -0.11358000  0.09720000  0.09720000 -0.08880000  0.06614000  0.06614000 -0.11044000  0.07982000  0.07982000  0.10099000  0.11947000  0.11947000 -0.83688998  0.47068000  0.47068000  0.47068000  0.47137001  0.47137001
