NSer Gln Val Nme  0.44608000 -0.57042998  0.11851000  0.05949000  0.05949000  0.02539000  0.13170999  0.65315998 -0.58225000 -0.83635002  0.47116000  0.47116000  0.47116000
NSer Glh Val Nme  0.44481000 -0.57069999  0.11652000  0.06316000  0.06316000  0.01367000  0.13273001  0.65873998 -0.59676999 -0.83353001  0.47316000  0.47316000  0.47316000
NSer Cys Val Nme  0.44687000 -0.57112002  0.11597000  0.05919000  0.05919000  0.02302000  0.13558001  0.65869999 -0.60727000 -0.83556002  0.47294000  0.47294000  0.47294000
NSer Met Val Nme  0.44655001 -0.57379001  0.11791000  0.06013000  0.06013000  0.02089000  0.13157999  0.65855002 -0.59662998 -0.83506000  0.47238999  0.47238999  0.47238999
NSer Val Val Nme  0.44422999 -0.56364000  0.12147000  0.05715000  0.05715000  0.02460000  0.13213999  0.64677000 -0.54589999 -0.83511001  0.46825001  0.46825001  0.46825001
NSer Hid Val Nme  0.44565999 -0.56559998  0.11786000  0.05805000  0.05805000  0.02713000  0.13062000  0.65055001 -0.56339997 -0.83701998  0.47110000  0.47110000  0.47110000
NSer Tyr Val Nme  0.44553000 -0.56485999  0.11719000  0.05769000  0.05769000  0.02563000  0.13168999  0.64815003 -0.57007998 -0.83730000  0.47073001  0.47073001  0.47073001
NSer Hie Val Nme  0.44343001 -0.56483000  0.12007000  0.05691000  0.05691000  0.02467000  0.13020000  0.65222001 -0.56427997 -0.83552998  0.46912000  0.46912000  0.46912000
NSer Thr Val Nme  0.44492000 -0.57247001  0.11655000  0.05881000  0.05881000  0.02133000  0.13591001  0.65689999 -0.60569000 -0.83244997  0.47262001  0.47262001  0.47262001
NSer Glu Val Nme  0.44157001 -0.55829000  0.11917000  0.04935000  0.04935000  0.01367000  0.12826000  0.65635002 -0.61758000 -0.83589000  0.46711999  0.46711999  0.46711999
NSer Cyx Val Nme  0.43279001 -0.55303001  0.11768000  0.06860000  0.06860000  0.00379000  0.12610000  0.65498000 -0.56544000 -0.82968998  0.47180000  0.47180000  0.47180000
NSer Asp Val Nme  0.42691999 -0.56002999  0.12163999  0.04492000  0.04492000  0.01743000  0.13349999  0.66225999 -0.62377000 -0.83902002  0.46933001  0.46933001  0.46933001
NSer Hip Val Nme  0.45906001 -0.57235998  0.11336000  0.06692000  0.06692000  0.03407000  0.13698000  0.64524001 -0.56940001 -0.84017003  0.47470000  0.47470000  0.47470000
NSer Phe Val Nme  0.44439000 -0.56462997  0.12002000  0.05773000  0.05773000  0.02481000  0.13074000  0.64785999 -0.55243999 -0.83626002  0.46935001  0.46935001  0.46935001
NSer Ser Val Nme  0.44468999 -0.56689000  0.11982000  0.05788000  0.05788000  0.02149000  0.13350999  0.65227997 -0.56976998 -0.83337999  0.47060001  0.47060001  0.47060001
NSer Pro Val Nme  0.44374999 -0.57287002  0.11785000  0.05760000  0.05760000  0.03004000  0.13066000  0.66847002 -0.60014999 -0.83692998  0.47222000  0.47222000  0.47222000
NSer Leu Val Nme  0.44448000 -0.56449997  0.12065000  0.05727000  0.05727000  0.02224000  0.13308001  0.64620000 -0.55375999 -0.83516997  0.46963999  0.46963999  0.46963999
NSer Lys Val Nme  0.45394999 -0.57001001  0.11718000  0.06422000  0.06422000  0.03202000  0.13339000  0.64639998 -0.56581998 -0.83943999  0.47160000  0.47160000  0.47160000
NSer Trp Val Nme  0.44442999 -0.56334001  0.11841000  0.05696000  0.05696000  0.02418000  0.13049001  0.64590001 -0.56009001 -0.83677000  0.46956000  0.46956000  0.46956000
NSer Ala Val Nme  0.44639000 -0.57344001  0.11648000  0.05931000  0.05931000  0.01966000  0.13371000  0.65902001 -0.60659999 -0.83531999  0.47275001  0.47275001  0.47275001
NSer Asn Val Nme  0.44488999 -0.56591999  0.11739000  0.05701000  0.05701000  0.02555000  0.13093001  0.65245998 -0.54956001 -0.83459002  0.47207999  0.47207999  0.47207999
NSer Arg Val Nme  0.44881999 -0.58098000  0.11921000  0.06645000  0.06645000  0.02508000  0.13220000  0.65047002 -0.54506999 -0.83306998  0.47519001  0.47519001  0.47519001
NSer Ile Val Nme  0.44404000 -0.56377000  0.12121000  0.05754000  0.05754000  0.02519000  0.13186000  0.64696002 -0.55150002 -0.83651000  0.46856001  0.46856001  0.46856001
NSer Lyn Val Nme  0.44632000 -0.57160002  0.11880000  0.05898000  0.05898000  0.02000000  0.13283000  0.65582001 -0.58328998 -0.83060002  0.47042001  0.47042001  0.47042001
NSer Gly Val Nme  0.44681001 -0.57181000  0.11894001  0.05907000  0.05907000  0.02055000  0.13427000  0.65105999 -0.58491999 -0.83328002  0.47211999  0.47211999  0.47211999
NSer Ash Val Nme  0.44722000 -0.56720001  0.11667000  0.05814000  0.05814000  0.02740000  0.13421001  0.65189999 -0.56730998 -0.83587003  0.47290000  0.47290000  0.47290000
