NThr Tyr Val Nme  0.45098001 -0.61974001  0.12976999  0.09328000 -0.14941000  0.06919000  0.06919000  0.06919000  0.02962000  0.12399000  0.64727002 -0.58214998 -0.82639003  0.47466999  0.47466999  0.47466999
NThr Arg Val Nme  0.45830000 -0.60930002  0.12493000  0.09373000 -0.16033999  0.07209000  0.07209000  0.07209000  0.03943000  0.12293000  0.64728999 -0.57292002 -0.82959002  0.47792000  0.47792000  0.47792000
NThr Hie Val Nme  0.45084000 -0.61980998  0.12896000  0.09744000 -0.15234999  0.06748000  0.06748000  0.06748000  0.02964000  0.12241000  0.65230000 -0.58969003 -0.82435000  0.47437999  0.47437999  0.47437999
NThr Ash Val Nme  0.45273000 -0.60944003  0.12745000  0.09963000 -0.15648000  0.06740000  0.06740000  0.06740000  0.03835000  0.12028000  0.65704000 -0.57413000 -0.83231998  0.47509000  0.47509000  0.47509000
NThr Ala Val Nme  0.45175999 -0.61334997  0.12750000  0.09555000 -0.15467000  0.06844000  0.06844000  0.06844000  0.03520000  0.12183000  0.64806998 -0.58396000 -0.82862997  0.47378001  0.47378001  0.47378001
NThr Cys Val Nme  0.45137000 -0.60873997  0.12476000  0.09819000 -0.15823000  0.06807000  0.06807000  0.06807000  0.03630000  0.12501000  0.65338999 -0.58960002 -0.82846999  0.47466001  0.47466001  0.47466001
NThr Leu Val Nme  0.45006999 -0.60958999  0.12814000  0.09045000 -0.15700001  0.06823000  0.06823000  0.06823000  0.02721000  0.12705000  0.65599000 -0.59325999 -0.82176000  0.47429001  0.47429001  0.47429001
NThr Met Val Nme  0.45383000 -0.61875999  0.13064000  0.09733000 -0.15449999  0.06793000  0.06793000  0.06793000  0.03441000  0.12063000  0.64458001 -0.58420998 -0.82859999  0.47529000  0.47529000  0.47529000
NThr Glh Val Nme  0.45177999 -0.60959000  0.12529001  0.09737000 -0.15817000  0.06821000  0.06821000  0.06821000  0.03251000  0.12264000  0.65503001 -0.58082003 -0.82639003  0.47486001  0.47486001  0.47486001
NThr Asn Val Nme  0.45164001 -0.60746002  0.12589000  0.10075000 -0.15724000  0.06631000  0.06631000  0.06631000  0.03417000  0.11902000  0.66321999 -0.57600999 -0.82713997  0.47415999  0.47415999  0.47415999
NThr Trp Val Nme  0.44999999 -0.62000000  0.13017000  0.09169000 -0.14959000  0.06906000  0.06906000  0.06906000  0.03012000  0.12317000  0.64576000 -0.58153999 -0.82665002  0.47431999  0.47431999  0.47431999
NThr Cyx Val Nme  0.45197999 -0.61872000  0.12805000  0.10142000 -0.14996000  0.06803000  0.06803000  0.06803000  0.02889000  0.12510000  0.65369999 -0.58306998 -0.82659000  0.47569001  0.47569001  0.47569001
NThr Hip Val Nme  0.45392999 -0.61119002  0.13410000  0.08522000 -0.14759000  0.07072000  0.07072000  0.07072000  0.03355000  0.13028000  0.63116997 -0.53580999 -0.82885999  0.48050001  0.48050001  0.48050001
NThr Lys Val Nme  0.45157001 -0.60705000  0.13046999  0.07818000 -0.15893000  0.07220000  0.07220000  0.07220000  0.04114000  0.12424001  0.64477998 -0.56575000 -0.83038002  0.47911999  0.47911999  0.47911999
NThr Glu Val Nme  0.44211000 -0.60521001  0.12425000  0.10181000 -0.15528999  0.06107000  0.06107000  0.06107000  0.02476000  0.12157000  0.65231001 -0.59885001 -0.82536000  0.47121999  0.47121999  0.47121999
NThr Lyn Val Nme  0.45142001 -0.60905999  0.12642001  0.09682000 -0.15779000  0.06764000  0.06764000  0.06764000  0.03201000  0.12086000  0.65107000 -0.58526999 -0.82437003  0.47426999  0.47426999  0.47426999
NThr Ser Val Nme  0.45107999 -0.61135000  0.12587000  0.09691000 -0.15707000  0.06784000  0.06784000  0.06784000  0.03640000  0.12452000  0.65660000 -0.59595001 -0.82881999  0.47457999  0.47457999  0.47457999
NThr Val Val Nme  0.44939000 -0.60628003  0.12464000  0.09261000 -0.15809999  0.06796000  0.06796000  0.06796000  0.03401000  0.12405000  0.65574998 -0.59507000 -0.82804000  0.47450000  0.47450000  0.47450000
NThr Gln Val Nme  0.45176000 -0.60926997  0.12558000  0.09747000 -0.15773000  0.06794000  0.06794000  0.06794000  0.03361000  0.12111000  0.65148002 -0.58490002 -0.82600999  0.47459001  0.47459001  0.47459001
NThr Gly Val Nme  0.45129999 -0.60984999  0.12698001  0.09617000 -0.15872000  0.06819000  0.06819000  0.06819000  0.03265000  0.12476000  0.64797997 -0.58537001 -0.82343000  0.47503000  0.47503000  0.47503000
NThr Ile Val Nme  0.45234999 -0.61751002  0.12831000  0.09421000 -0.15528999  0.06795000  0.06795000  0.06795000  0.02919000  0.12431000  0.65254998 -0.59558999 -0.82010001  0.47470999  0.47470999  0.47470999
NThr Asp Val Nme  0.44604999 -0.62471998  0.11586000  0.14041001 -0.14759999  0.05763000  0.05763000  0.05763000  0.03101000  0.11817000  0.65192002 -0.64229000 -0.82154000  0.46592000  0.46592000  0.46592000
NThr Thr Val Nme  0.45357999 -0.61733002  0.12840000  0.10326000 -0.15493999  0.06736000  0.06736000  0.06736000  0.03637000  0.12246000  0.64526999 -0.58554000 -0.83082998  0.47431999  0.47431999  0.47431999
NThr Phe Val Nme  0.44690001 -0.61565000  0.13009000  0.09483000 -0.14830001  0.07028000  0.07028000  0.07028000  0.02647000  0.12279000  0.64757001 -0.58260000 -0.82773000  0.47418001  0.47418001  0.47418001
NThr Pro Val Nme  0.44727000 -0.62128002  0.12531000  0.10148000 -0.16013000  0.07371000  0.07371000  0.07371000  0.03680000  0.13497999  0.65425002 -0.58717001 -0.83107001  0.47055000  0.47055000  0.47055000
NThr Hid Val Nme  0.45271999 -0.62096000  0.13053000  0.09061000 -0.14967000  0.07005000  0.07005000  0.07005000  0.03121000  0.12479000  0.64832997 -0.58051002 -0.82590002  0.47486001  0.47486001  0.47486001
