NTyr Glu Val Nme  0.42914000 -0.47990000  0.15320000 -0.17420000  0.15865999 -0.08182000  0.13276000 -0.17887001 -0.04285000  0.08694000  0.08694000  0.02910000  0.11788000  0.64928001 -0.61505002 -0.83226001  0.46744001  0.46744001  0.46744001 -0.08182000  0.13276000 -0.17420000  0.15865999
NTyr Cyx Val Nme  0.43388000 -0.47317001  0.16315000 -0.17321000  0.16198000 -0.08367000  0.13550000 -0.19559000 -0.04011000  0.09112000  0.09112000  0.04371000  0.11739000  0.64565998 -0.58708000 -0.83726001  0.47056001  0.47056001  0.47056001 -0.08367000  0.13550000 -0.17321000  0.16198000
NTyr Asn Val Nme  0.43588999 -0.47200000  0.16241001 -0.17429000  0.16358000 -0.08910000  0.13040000 -0.19390000 -0.04634000  0.09906000  0.09906000  0.03209000  0.12476000  0.65684998 -0.59013998 -0.83060998  0.46919999  0.46919999  0.46919999 -0.08910000  0.13040000 -0.17429000  0.16358000
NTyr Lyn Val Nme  0.43575999 -0.47086999  0.16210000 -0.17389999  0.16361000 -0.08854000  0.13122000 -0.19419000 -0.04325000  0.09831000  0.09831000  0.03610000  0.12570999  0.64043999 -0.59312999 -0.83749998  0.46930000  0.46930000  0.46930000 -0.08854000  0.13122000 -0.17389999  0.16361000
NTyr Hip Val Nme  0.44339001 -0.45871002  0.17821000 -0.17275000  0.17141999 -0.08628000  0.12548000 -0.21936999 -0.03125000  0.08245000  0.08245000  0.03641000  0.13703000  0.63502002 -0.56138003 -0.82876003  0.47497001  0.47497001  0.47497001 -0.08628000  0.12548000 -0.17275000  0.17141999
NTyr Pro Val Nme  0.43518999 -0.47069001  0.16110000 -0.17557999  0.16359000 -0.08748000  0.13046000 -0.19546000 -0.04262000  0.09514001  0.09514001  0.04095000  0.12175000  0.65696001 -0.59074002 -0.82725000  0.46752000  0.46752000  0.46752000 -0.08748000  0.13046000 -0.17557999  0.16359000
NTyr Tyr Val Nme  0.43645999 -0.47113001  0.16345001 -0.17402000  0.16418000 -0.08829000  0.13010000 -0.19649000 -0.04402000  0.09557000  0.09557000  0.03044000  0.12706000  0.64806003 -0.59946000 -0.82911002  0.46915999  0.46915999  0.46915999 -0.08829000  0.13010000 -0.17402000  0.16418000
NTyr Val Val Nme  0.43621999 -0.47095001  0.16344000 -0.17541000  0.16422001 -0.08647000  0.13108000 -0.19868000 -0.04121000  0.09367000  0.09367000  0.03500000  0.12820999  0.64656001 -0.60983002 -0.82879001  0.46819001  0.46819001  0.46819001 -0.08647000  0.13108000 -0.17541000  0.16422001
NTyr Glh Val Nme  0.43568000 -0.47057000  0.16256000 -0.17454000  0.16407999 -0.08680000  0.13009000 -0.19527000 -0.04466000  0.09828000  0.09828000  0.03912000  0.12547000  0.64497000 -0.59737998 -0.83756000  0.46928999  0.46928999  0.46928999 -0.08680000  0.13009000 -0.17454000  0.16407999
NTyr Ash Val Nme  0.43590999 -0.47077999  0.16264000 -0.17428000  0.16455000 -0.08906000  0.13149001 -0.19771001 -0.04437000  0.09962000  0.09962000  0.03448000  0.12527999  0.65129000 -0.58890999 -0.83065999  0.46972000  0.46972000  0.46972000 -0.08906000  0.13149001 -0.17428000  0.16455000
NTyr Asp Val Nme  0.42817000 -0.48497000  0.14421999 -0.17892000  0.15484001 -0.09432000  0.14015000 -0.17049000 -0.06344000  0.11797000  0.11797000  0.03338000  0.12006000  0.64714998 -0.65438998 -0.83012998  0.46094999  0.46094999  0.46094999 -0.09432000  0.14015000 -0.17892000  0.15484001
NTyr Hid Val Nme  0.43658998 -0.46993000  0.16348000 -0.17430000  0.16486999 -0.09029001  0.13210000 -0.20006000 -0.04332000  0.09646000  0.09646000  0.03336000  0.12586000  0.65099001 -0.59864998 -0.82920999  0.46979001  0.46979001  0.46979001 -0.09029001  0.13210000 -0.17430000  0.16486999
NTyr Ile Val Nme  0.43583000 -0.47185001  0.16275001 -0.17428000  0.16394000 -0.08612000  0.12973000 -0.19600999 -0.04242000  0.09428000  0.09428000  0.03619000  0.12763999  0.64964002 -0.60921001 -0.83596998  0.46878999  0.46878999  0.46878999 -0.08612000  0.12973000 -0.17428000  0.16394000
NTyr Arg Val Nme  0.44005001 -0.46498001  0.17042001 -0.17454000  0.16699000 -0.08617000  0.12796000 -0.20646000 -0.03928000  0.09910000  0.09910000  0.04341000  0.12533000  0.63141000 -0.56475002 -0.83627999  0.46994001  0.46994001  0.46994001 -0.08617000  0.12796000 -0.17454000  0.16699000
NTyr Lys Val Nme  0.44196001 -0.46320000  0.17376000 -0.17330000  0.16823000 -0.08783000  0.12669000 -0.20935000 -0.03394000  0.08589000  0.08589000  0.03412000  0.13108000  0.64077002 -0.58704001 -0.83182001  0.47391000  0.47391000  0.47391000 -0.08783000  0.12669000 -0.17330000  0.16823000
NTyr Met Val Nme  0.43603000 -0.47152999  0.16306999 -0.17513000  0.16411000 -0.08576000  0.13080999 -0.19659001 -0.04278000  0.09580000  0.09580000  0.03879000  0.12571999  0.64494997 -0.60865998 -0.83696002  0.46898001  0.46898001  0.46898001 -0.08576000  0.13080999 -0.17513000  0.16411000
NTyr Gly Val Nme  0.43619999 -0.47056001  0.16313000 -0.17371000  0.16410001 -0.08772000  0.13008000 -0.19585000 -0.04299000  0.09682000  0.09682000  0.03501000  0.12677000  0.64205003 -0.58745003 -0.83658999  0.47020000  0.47020000  0.47020000 -0.08772000  0.13008000 -0.17371000  0.16410001
NTyr Ala Val Nme  0.43595001 -0.47135001  0.16232000 -0.17403001  0.16414000 -0.08876000  0.13226999 -0.19588999 -0.04376000  0.09695000  0.09695000  0.03283000  0.12547000  0.64498001 -0.60368001 -0.83183002  0.46915999  0.46915999  0.46915999 -0.08876000  0.13226999 -0.17403001  0.16414000
NTyr Phe Val Nme  0.43634000 -0.47080001  0.16343001 -0.17393000  0.16460000 -0.09001000  0.13213000 -0.19885001 -0.04301000  0.09526000  0.09526000  0.03112000  0.12589000  0.64943999 -0.60157001 -0.82872999  0.46924001  0.46924001  0.46924001 -0.09001000  0.13213000 -0.17393000  0.16460000
NTyr Trp Val Nme  0.43656001 -0.47075999  0.16342001 -0.17428000  0.16462000 -0.08895000  0.13124000 -0.19936000 -0.04323000  0.09337000  0.09337000  0.02851000  0.12690000  0.64864999 -0.59925002 -0.82792002  0.46921000  0.46921000  0.46921000 -0.08895000  0.13124000 -0.17428000  0.16462000
NTyr Thr Val Nme  0.43551001 -0.47147000  0.16087000 -0.17402001  0.16370000 -0.09003000  0.13282999 -0.19354001 -0.04382000  0.09979000  0.09979000  0.03673000  0.12643001  0.63844001 -0.59609002 -0.83313000  0.46836999  0.46836999  0.46836999 -0.09003000  0.13282999 -0.17402001  0.16370000
NTyr Gln Val Nme  0.43584001 -0.47069001  0.16221000 -0.17393000  0.16423000 -0.08789000  0.13099000 -0.19549000 -0.04382000  0.09814000  0.09814000  0.03857000  0.12488000  0.64182001 -0.60292000 -0.83947998  0.46965000  0.46965000  0.46965000 -0.08789000  0.13099000 -0.17393000  0.16423000
NTyr Cys Val Nme  0.43645999 -0.47095999  0.16315000 -0.17388000  0.16457000 -0.08864000  0.13237999 -0.19712999 -0.04337000  0.09723000  0.09723000  0.03473000  0.12752999  0.64266998 -0.60075998 -0.83270001  0.46972001  0.46972001  0.46972001 -0.08864000  0.13237999 -0.17388000  0.16457000
NTyr Ser Val Nme  0.43561000 -0.47119000  0.16208001 -0.17405000  0.16414000 -0.08815000  0.13241001 -0.19731000 -0.04495000  0.09626000  0.09626000  0.03510000  0.13012000  0.64586997 -0.61145001 -0.83096999  0.46930000  0.46930000  0.46930000 -0.08815000  0.13241001 -0.17405000  0.16414000
NTyr Leu Val Nme  0.43674999 -0.47128999  0.16392000 -0.17414001  0.16467000 -0.08887000  0.13217000 -0.19898001 -0.04346000  0.09498000  0.09498000  0.03112000  0.12773000  0.64758003 -0.60820002 -0.83076000  0.46977001  0.46977001  0.46977001 -0.08887000  0.13217000 -0.17414001  0.16467000
NTyr Hie Val Nme  0.43496001 -0.47086999  0.16091000 -0.17380001  0.16368000 -0.08933000  0.13059001 -0.19427000 -0.04587000  0.09721000  0.09721000  0.03098000  0.12692000  0.65113002 -0.60405999 -0.82899999  0.46858001  0.46858001  0.46858001 -0.08933000  0.13059001 -0.17380001  0.16368000
