NVal Asp Val Nme  0.46011999 -0.82520998  0.02342000  0.12909000  0.65355003 -0.65213001 -0.08883000  0.12542000 -0.11729000  0.05359000  0.05359000  0.05359000 -0.11729000  0.05359000  0.05359000  0.05359000  0.46011999  0.46011999
NVal Glu Val Nme  0.46349999 -0.82609999  0.02521000  0.11040000  0.65985000 -0.62485999 -0.08747000  0.11851000 -0.12067000  0.05930000  0.05930000  0.05930000 -0.12067000  0.05930000  0.05930000  0.05930000  0.46349999  0.46349999
NVal Trp Val Nme  0.46794000 -0.82519001  0.02683000  0.11661000  0.65719003 -0.59935999 -0.08489000  0.10784000 -0.12068000  0.06075000  0.06075000  0.06075000 -0.12068000  0.06075000  0.06075000  0.06075000  0.46794000  0.46794000
NVal Hid Val Nme  0.46919000 -0.82572001  0.02914000  0.11806000  0.65781999 -0.59248000 -0.08713000  0.10805000 -0.12106000  0.06095000  0.06095000  0.06095000 -0.12106000  0.06095000  0.06095000  0.06095000  0.46919000  0.46919000
NVal Cyx Val Nme  0.46897000 -0.82692999  0.03049000  0.11577000  0.65661001 -0.58499998 -0.08321000  0.10889000 -0.12067000  0.06093000  0.06093000  0.06093000 -0.12067000  0.06093000  0.06093000  0.06093000  0.46897000  0.46897000
NVal Ser Val Nme  0.46878001 -0.82590997  0.02995000  0.11833000  0.65581000 -0.60154998 -0.08529000  0.10839000 -0.12058000  0.06061000  0.06061000  0.06061000 -0.12058000  0.06061000  0.06061000  0.06061000  0.46878001  0.46878001
NVal Asn Val Nme  0.46856999 -0.82520997  0.02737000  0.11919000  0.66466999 -0.58392000 -0.08474000  0.10035000 -0.12020000  0.06112000  0.06112000  0.06112000 -0.12020000  0.06112000  0.06112000  0.06112000  0.46856999  0.46856999
NVal Lys Val Nme  0.47312000 -0.83182001  0.03472000  0.11988000  0.64537001 -0.59327000 -0.08608000  0.10110000 -0.12362000  0.06494000  0.06494000  0.06494000 -0.12362000  0.06494000  0.06494000  0.06494000  0.47312000  0.47312000
NVal Ile Val Nme  0.46922001 -0.83288002  0.02639000  0.11540000  0.65711999 -0.60308999 -0.08420000  0.10054000 -0.11884000  0.06113000  0.06113000  0.06113000 -0.11884000  0.06113000  0.06113000  0.06113000  0.46922001  0.46922001
NVal Gln Val Nme  0.46897000 -0.82472002  0.02848000  0.12315000  0.65398002 -0.60702002 -0.08552000  0.10571000 -0.12142000  0.06089000  0.06089000  0.06089000 -0.12142000  0.06089000  0.06089000  0.06089000  0.46897000  0.46897000
NVal Hie Val Nme  0.46766999 -0.82481003  0.02728000  0.11979000  0.66074997 -0.60754001 -0.08795000  0.11091000 -0.12051000  0.06006000  0.06006000  0.06006000 -0.12051000  0.06006000  0.06006000  0.06006000  0.46766999  0.46766999
NVal Ala Val Nme  0.46877000 -0.82524002  0.02657000  0.12046000  0.65429002 -0.60518998 -0.08480000  0.10523000 -0.12122000  0.06089000  0.06089000  0.06089000 -0.12122000  0.06089000  0.06089000  0.06089000  0.46877000  0.46877000
NVal Glh Val Nme  0.46932000 -0.82442999  0.02666000  0.12207000  0.65632999 -0.59847999 -0.08503000  0.10355000 -0.12171000  0.06151000  0.06151000  0.06151000 -0.12171000  0.06151000  0.06151000  0.06151000  0.46932000  0.46932000
NVal Leu Val Nme  0.46730000 -0.82938999  0.03402000  0.11802000  0.65007001 -0.60118997 -0.08249000  0.09637000 -0.11850000  0.06156000  0.06156000  0.06156000 -0.11850000  0.06156000  0.06156000  0.06156000  0.46730000  0.46730000
NVal Val Val Nme  0.46833000 -0.82731998  0.02881000  0.11548000  0.65257001 -0.60189998 -0.08358000  0.10458000 -0.12045000  0.06125000  0.06125000  0.06125000 -0.12045000  0.06125000  0.06125000  0.06125000  0.46833000  0.46833000
NVal Met Val Nme  0.46908000 -0.82464999  0.02766000  0.12085000  0.65450001 -0.60386997 -0.08401000  0.10280000 -0.12135000  0.06116000  0.06116000  0.06116000 -0.12135000  0.06116000  0.06116000  0.06116000  0.46908000  0.46908000
NVal Ash Val Nme  0.46950999 -0.82577997  0.02929000  0.12234000  0.66052997 -0.58491999 -0.08611000  0.10485000 -0.12151000  0.06138000  0.06138000  0.06138000 -0.12151000  0.06138000  0.06138000  0.06138000  0.46950999  0.46950999
NVal Cys Val Nme  0.46880001 -0.82602000  0.03040000  0.12073000  0.65526003 -0.60336000 -0.08571000  0.10989000 -0.12029000  0.06063000  0.06063000  0.06063000 -0.12029000  0.06063000  0.06063000  0.06063000  0.46880001  0.46880001
NVal Gly Val Nme  0.46919000 -0.82558000  0.02974000  0.11987000  0.64934999 -0.59979999 -0.08582000  0.10648000 -0.12106000  0.06107000  0.06107000  0.06107000 -0.12106000  0.06107000  0.06107000  0.06107000  0.46919000  0.46919000
NVal Arg Val Nme  0.47358999 -0.82841003  0.03186000  0.13277000  0.64604998 -0.57709998 -0.08340000  0.09453000 -0.12205000  0.06192000  0.06192000  0.06192000 -0.12205000  0.06192000  0.06192000  0.06192000  0.47358999  0.47358999
NVal Tyr Val Nme  0.46867001 -0.82506001  0.02748000  0.11802000  0.65750998 -0.59570003 -0.08581000  0.10624000 -0.12061000  0.06094000  0.06094000  0.06094000 -0.12061000  0.06094000  0.06094000  0.06094000  0.46867001  0.46867001
NVal Hip Val Nme  0.47406000 -0.82911003  0.03633000  0.11697000  0.64122999 -0.56300002 -0.08135000  0.09975000 -0.12588000  0.06715000  0.06715000  0.06715000 -0.12588000  0.06715000  0.06715000  0.06715000  0.47406000  0.47406000
NVal Lyn Val Nme  0.46969000 -0.82937998  0.02800000  0.12662999  0.65278000 -0.60966003 -0.08732000  0.10372000 -0.12060000  0.06065000  0.06065000  0.06065000 -0.12060000  0.06065000  0.06065000  0.06065000  0.46969000  0.46969000
NVal Thr Val Nme  0.46858001 -0.82510000  0.02875000  0.12222000  0.65421998 -0.60646999 -0.08588000  0.10721000 -0.12095000  0.06067000  0.06067000  0.06067000 -0.12095000  0.06067000  0.06067000  0.06067000  0.46858001  0.46858001
NVal Pro Val Nme  0.46704999 -0.83644003  0.04039000  0.11132000  0.65626001 -0.58462000 -0.08179000  0.11213000 -0.11766000  0.05992000  0.05992000  0.05992000 -0.11766000  0.05992000  0.05992000  0.05992000  0.46704999  0.46704999
NVal Phe Val Nme  0.46864000 -0.82540000  0.02753000  0.11884000  0.65977001 -0.59710997 -0.08648000  0.10727000 -0.12130000  0.06097000  0.06097000  0.06097000 -0.12130000  0.06097000  0.06097000  0.06097000  0.46864000  0.46864000
