C1-C2  201.425   1.534   0   1
C1-N1  385.947   1.350   0   4
C1-O1  632.227   1.252   0   5
C2-H1  348.978   1.097   1   10
C2-H2  356.828   1.094   1   11
C2-H3  357.645   1.094   1   12
C3-O3  248.938   1.429   2   7
C3-H4  355.799   1.095   2   13
C3-H5  348.623   1.097   2   14
C3-H6  357.069   1.095   2   15
C4-S1  154.207   1.836   3   9
C4-H7  357.041   1.095   3   16
C4-H8  372.827   1.091   3   17
C4-H9  369.656   1.092   3   18
N1-P1  295.071   1.621   4   8
O2-P1  587.089   1.502   6   8
O3-P1  224.322   1.652   7   8
P1-S1  99.910   2.177   8   9
