Ace Val Gln C0Ash  0.32075000 -0.56233001  0.08230000  0.13655999  0.60689998 -0.53398001 -0.14262000  0.10142000  0.10142000  0.63382000 -0.52824998 -0.60909998  0.45072001 -0.60022998  0.44973001
Ace Val Hip C0Ash  0.31634000 -0.55673999  0.07621000  0.14213000  0.60913998 -0.52525002 -0.15042999  0.10895000  0.10895000  0.63568997 -0.54971999 -0.59744001  0.45618999 -0.59267998  0.45928001
Ace Val Glu C0Ash  0.32074002 -0.57284999  0.09015000  0.13181000  0.60477001 -0.54724002 -0.14205000  0.09760000  0.09760000  0.63604999 -0.52438998 -0.61950999  0.44270000 -0.59709000  0.44326002
Ace Val Asp C0Ash  0.32714999 -0.57871002  0.09142000  0.13299000  0.60755998 -0.54259998 -0.14290000  0.09356000  0.09356000  0.63821000 -0.52386999 -0.61969000  0.44347000 -0.60868001  0.43650001
Ace Val Cyx C0Ash  0.31821999 -0.56454998  0.08463000  0.13799000  0.60780001 -0.53457999 -0.14512000  0.10212000  0.10212000  0.63350999 -0.52708000 -0.60900998  0.45100000 -0.59886998  0.44964999
Ace Val Ser C0Ash  0.32025999 -0.57055998  0.08443000  0.13760001  0.60909999 -0.53424001 -0.14408000  0.10125000  0.10125000  0.63353002 -0.53092003 -0.60854000  0.45008999 -0.60180002  0.44843999
Ace Val Tyr C0Ash  0.32099000 -0.56641000  0.08090000  0.13820000  0.60969001 -0.53052998 -0.14663000  0.10131000  0.10131000  0.63336998 -0.53320998 -0.60745001  0.45040000 -0.60276997  0.44878000
Ace Val Lyn C0Ash  0.32060000 -0.56524003  0.08139000  0.14037999  0.60771000 -0.53463000 -0.14278001  0.09923000  0.09923000  0.63598001 -0.52625001 -0.60838998  0.45107001 -0.60183001  0.44918999
Ace Val Val C0Ash  0.32148001 -0.56891000  0.08059000  0.13952000  0.61049998 -0.53337997 -0.14561000  0.10137000  0.10137000  0.63356000 -0.53248000 -0.60790002  0.45048001 -0.60200000  0.44904000
Ace Val Met C0Ash  0.32271001 -0.56401998  0.08034000  0.14055000  0.60595000 -0.53090000 -0.14187001  0.09923000  0.09923000  0.63681001 -0.52664000 -0.60772002  0.45142999 -0.60235000  0.45087001
Ace Val Leu C0Ash  0.32205999 -0.56786001  0.08031000  0.13916001  0.60988998 -0.53301001 -0.14535999  0.10041000  0.10041000  0.63450998 -0.53209001 -0.60795999  0.45029000 -0.60220998  0.44929001
Ace Val Glh C0Ash  0.32179001 -0.56212002  0.07928000  0.13922000  0.60807002 -0.53509003 -0.14252999  0.10163000  0.10163000  0.63388997 -0.52912003 -0.60745001  0.45190001 -0.59981000  0.45089999
Ace Val Lys C0Ash  0.32178000 -0.55860001  0.07717000  0.13699999  0.60908997 -0.52280998 -0.14788000  0.10871000  0.10871000  0.63990003 -0.55619001 -0.59776998  0.45175999 -0.59781998  0.45669001
Ace Val Hid C0Ash  0.32065001 -0.56660002  0.08015000  0.13990000  0.60940999 -0.53100002 -0.14692999  0.10168001  0.10168001  0.63300002 -0.53347999 -0.60686999  0.45111999 -0.60145002  0.44975999
Ace Val Gly C0Ash  0.31955999 -0.56857002  0.08327000  0.13813999  0.60860002 -0.53649998 -0.14422000  0.10239000  0.10239000  0.63416999 -0.53198999 -0.60784000  0.45127001 -0.59956998  0.44955000
Ace Val Thr C0Ash  0.32014000 -0.56467998  0.08001000  0.13962001  0.60838997 -0.53718001 -0.14240000  0.10079000  0.10079000  0.63371998 -0.52696002 -0.60913998  0.45080999 -0.60209000  0.44894999
Ace Val Cys C0Ash  0.31918999 -0.56522000  0.07919000  0.14523999  0.60816002 -0.53078997 -0.14322001  0.09837000  0.09837000  0.63625002 -0.52660001 -0.60799998  0.45151001 -0.60306001  0.45107999
Ace Val Asn C0Ash  0.32491001 -0.56592000  0.07973000  0.13873000  0.60863000 -0.52872998 -0.14496000  0.10088000  0.10088000  0.63598001 -0.53568000 -0.60676998  0.45012998 -0.60174000  0.44955999
Ace Val Ash C0Ash  0.32444999 -0.56484997  0.07949000  0.13832000  0.60854000 -0.52785999 -0.14608000  0.10289000  0.10289000  0.63431001 -0.53648001 -0.60576999  0.45122999 -0.60235000  0.44942999
Ace Val Phe C0Ash  0.32131001 -0.56656998  0.07896000  0.13931000  0.61010998 -0.53153998 -0.14613999  0.10150000  0.10150000  0.63299000 -0.53222001 -0.60762000  0.45071000 -0.60178000  0.44909999
Ace Val Trp C0Ash  0.32045001 -0.56784999  0.08071000  0.13875000  0.60956001 -0.53134000 -0.14596000  0.10041000  0.10041000  0.63360000 -0.53084999 -0.60847002  0.45050001 -0.60314000  0.44852999
Ace Val Hie C0Ash  0.32236001 -0.56625002  0.08131000  0.13766000  0.60968000 -0.53070003 -0.14634000  0.10116000  0.10116000  0.63405001 -0.53259998 -0.60815000  0.44997999 -0.60392999  0.44759000
Ace Val Ile C0Ash  0.32205999 -0.56944001  0.08010000  0.14048999  0.61053002 -0.53355998 -0.14701000  0.10021000  0.10021000  0.63420999 -0.53028000 -0.60856998  0.45032000 -0.60211998  0.44949001
Ace Val Ala C0Ash  0.32200000 -0.56506997  0.07945000  0.14150999  0.60781002 -0.53443003 -0.14203000  0.09937000  0.09937000  0.63624000 -0.52758002 -0.60776001  0.45122000 -0.60181999  0.44992000
Ace Val Pro C0Ash  0.32016000 -0.58092999  0.08297000  0.14077000  0.61211002 -0.53887999 -0.14691000  0.09587000  0.09587000  0.63745999 -0.52868998 -0.60977000  0.44904000 -0.59369999  0.44898999
Ace Val Arg C0Ash  0.31775999 -0.55804998  0.08051000  0.14410999  0.61140001 -0.55519003 -0.14281000  0.10336000  0.10336000  0.63234001 -0.52639002 -0.60330999  0.45572999 -0.58916998  0.45458999
