Ace Val Hip C0Hie  0.07015000  0.39947000 -0.66166002  0.26898000 -0.10164000  0.07916000  0.07916000  0.06807000  0.13097000  0.60913002 -0.52090001 -0.54263997  0.31856999 -0.23067001  0.18167999 -0.31342000  0.30869999 -0.62621999  0.45221001
Ace Val Ash C0Hie  0.06288000  0.38888001 -0.65512002  0.27684998 -0.10245000  0.07382000  0.07382000  0.07143000  0.13191000  0.61079001 -0.54822999 -0.55523998  0.32258001 -0.22827000  0.18660000 -0.31931001  0.30274001 -0.60336000  0.44624001
Ace Val Phe C0Hie  0.06351000  0.39252001 -0.65597999  0.28294000 -0.10238000  0.07213000  0.07213000  0.07457000  0.12732001  0.60957998 -0.54799998 -0.55707002  0.32341000 -0.23464000  0.18196000 -0.32007000  0.30278999 -0.60355002  0.44532001
Ace Val Asp C0Hie  0.05545000  0.38095000 -0.65355998  0.29017001 -0.10456000  0.06556000  0.06556000  0.07966000  0.12118000  0.61137998 -0.56002003 -0.56646001  0.32662001 -0.23124000  0.18783000 -0.32282001  0.29758000 -0.60246003  0.43538001
Ace Val Lyn C0Hie  0.06329000  0.39311001 -0.65821999  0.28839001 -0.10644000  0.07336000  0.07336000  0.07327000  0.12771000  0.61254001 -0.54702002 -0.55526000  0.32574999 -0.23993000  0.17903000 -0.32023999  0.30285999 -0.59917003  0.44648001
Ace Val Lys C0Hie  0.06879000  0.39721000 -0.65982002  0.27654001 -0.10116000  0.07694000  0.07694000  0.06873000  0.13051000  0.61203998 -0.54456002 -0.54641998  0.32369000 -0.23487000  0.18070000 -0.31470001  0.30713999 -0.61066002  0.44887999
Ace Val Leu C0Hie  0.06253000  0.39050001 -0.65167999  0.28417998 -0.10641000  0.07181000  0.07181000  0.07220000  0.12238000  0.61914003 -0.54857999 -0.56031001  0.32420999 -0.23679000  0.18131000 -0.32027000  0.30234000 -0.59820998  0.44473001
Ace Val Cys C0Hie  0.06501000  0.39408002 -0.66459000  0.28320000 -0.10578000  0.07438001  0.07438001  0.07574000  0.12443000  0.61208999 -0.54622000 -0.55431002  0.32661000 -0.23626999  0.17945001 -0.31523001  0.30483002 -0.59943002  0.44591999
Ace Val Asn C0Hie  0.06361000  0.39319000 -0.65592003  0.27761999 -0.10500000  0.07242000  0.07242000  0.07217000  0.12437000  0.61590999 -0.55180001 -0.55536997  0.32848001 -0.23277999  0.18476001 -0.31902999  0.30317000 -0.59948999  0.44477001
Ace Val Pro C0Hie  0.06175000  0.38859999 -0.65183002  0.28385001 -0.10963000  0.07221000  0.07221000  0.07102000  0.12687001  0.62336999 -0.55700999 -0.56874001  0.31952000 -0.23442000  0.18199000 -0.31968999  0.30179000 -0.59406000  0.44340000
Ace Val Trp C0Hie  0.06277000  0.39030001 -0.65368003  0.28217000 -0.10261000  0.07235000  0.07235000  0.07334000  0.12936000  0.60933000 -0.54970998 -0.55570000  0.31985000 -0.23352000  0.18287000 -0.32045999  0.30247000 -0.60377997  0.44525999
Ace Val Met C0Hie  0.06532000  0.39247999 -0.65790999  0.28281000 -0.10232000  0.07204000  0.07204000  0.07229000  0.12853000  0.60918999 -0.54596001 -0.55217999  0.32657999 -0.23779000  0.18100999 -0.31771001  0.30473000 -0.59900999  0.44578001
Ace Val Hid C0Hie  0.06334000  0.39017999 -0.65474999  0.28222001 -0.10288000  0.07421000  0.07421000  0.07130000  0.13209000  0.60845000 -0.54574001 -0.55138999  0.32032999 -0.23337001  0.18257999 -0.31992000  0.30296001 -0.60654002  0.44681999
Ace Val Glu C0Hie  0.06801000  0.39908999 -0.66566998  0.27631000 -0.10151000  0.06532000  0.06532000  0.08121000  0.12062000  0.61127001 -0.57675999 -0.55647999  0.32508999 -0.23289000  0.18021999 -0.31612000  0.30831999 -0.58941001  0.43472999
Ace Val Gln C0Hie  0.06607000  0.39383998 -0.66035998  0.28387001 -0.10456000  0.07218000  0.07218000  0.07096000  0.13033999  0.61063999 -0.54420000 -0.55092001  0.32444998 -0.23680000  0.18061000 -0.31810999  0.30417001 -0.60477001  0.44641000
Ace Val Glh C0Hie  0.06546000  0.39267000 -0.66184998  0.28356001 -0.10450000  0.07384000  0.07384000  0.07120000  0.12931999  0.61142999 -0.54522997 -0.54936999  0.32593000 -0.23653001  0.18192001 -0.31808999  0.30429000 -0.60332000  0.44723001
Ace Val Ala C0Hie  0.06311000  0.39335000 -0.65834999  0.28738001 -0.10570000  0.07177000  0.07177000  0.07274000  0.12619001  0.61439001 -0.54860002 -0.55703998  0.32618999 -0.23752999  0.17918999 -0.31911999  0.30314001 -0.59579003  0.44617000
Ace Val Tyr C0Hie  0.06270000  0.39010000 -0.65259999  0.28101000 -0.10402000  0.07210000  0.07210000  0.07412000  0.12865999  0.61005002 -0.55145002 -0.55417001  0.32223001 -0.23289999  0.18369000 -0.32055000  0.30219000 -0.60233998  0.44549000
Ace Val Hie C0Hie  0.06275000  0.38966000 -0.65401000  0.28478000 -0.10352000  0.07399000  0.07399000  0.07388000  0.12830000  0.60758001 -0.54821998 -0.55193001  0.32100001 -0.23513000  0.18232000 -0.32091001  0.30208999 -0.60671002  0.44576001
Ace Val Thr C0Hie  0.06191000  0.39144999 -0.66051000  0.29069000 -0.10630000  0.07255000  0.07255000  0.07407000  0.12772000  0.61247998 -0.54763001 -0.56023997  0.32069999 -0.23891001  0.17809001 -0.31882000  0.30192000 -0.60206002  0.44565001
Ace Val Ser C0Hie  0.06356000  0.39151999 -0.65601999  0.28772000 -0.10378000  0.07324000  0.07324000  0.07239000  0.13028000  0.61115998 -0.54284000 -0.55794001  0.31762001 -0.23850000  0.17971000 -0.31992000  0.30230001 -0.61128002  0.44646001
Ace Val Ile C0Hie  0.06405000  0.39274001 -0.65552998  0.28459001 -0.10258000  0.07215000  0.07215000  0.07364000  0.12691000  0.61173999 -0.54754001 -0.55901003  0.32111001 -0.23845001  0.17994000 -0.31900999  0.30305001 -0.60174000  0.44501999
Ace Val Val C0Hie  0.06415000  0.39340001 -0.65513998  0.28529999 -0.10047000  0.07147000  0.07147000  0.07513000  0.12362000  0.60949999 -0.54416001 -0.55811000  0.32014000 -0.23799001  0.17922001 -0.31889000  0.30340001 -0.60526001  0.44455001
Ace Val Gly C0Hie  0.06375000  0.39304998 -0.65614003  0.28488001 -0.10291000  0.07394000  0.07394000  0.07331000  0.12467000  0.61110002 -0.54589999 -0.55637998  0.31968000 -0.23715000  0.17969000 -0.31939000  0.30364001 -0.60409999  0.44637000
Ace Val Cyx C0Hie  0.06744000  0.39952001 -0.66803998  0.28681999 -0.10406000  0.07601000  0.07601000  0.07763000  0.12381000  0.60979003 -0.54882002 -0.54558003  0.32440999 -0.24244000  0.17618000 -0.31242001  0.30717000 -0.60020000  0.44657001
Ace Val Arg C0Hie  0.06288000  0.39043999 -0.66292000  0.29343000 -0.10355000  0.07873000  0.07873000  0.06285000  0.12931000  0.60892999 -0.52977002 -0.53895998  0.32117000 -0.24343000  0.17791000 -0.31753999  0.30328000 -0.60865003  0.45446000
