Ace Val Hie C0Leu  0.32929999 -0.56401002  0.07299000  0.11781000  0.62008000 -0.54479003 -0.09074000  0.06150000  0.06150000 -0.06624000  0.05007000 -0.09468000  0.03806000  0.03806000  0.03806000 -0.09468000  0.03806000  0.03806000  0.03806000 -0.60361999  0.44531000
Ace Val Ser C0Leu  0.32516000 -0.56051999  0.07525000  0.12004000  0.61584002 -0.54755002 -0.08937000  0.06272000  0.06272000 -0.06562000  0.05068000 -0.09565000  0.03847000  0.03847000  0.03847000 -0.09565000  0.03847000  0.03847000  0.03847000 -0.60188001  0.44558001
Ace Val Thr C0Leu  0.32306999 -0.56874001  0.07301000  0.12122000  0.61821002 -0.55309999 -0.08787000  0.06265000  0.06265000 -0.06663000  0.05132000 -0.09523000  0.03853000  0.03853000  0.03853000 -0.09523000  0.03853000  0.03853000  0.03853000 -0.60201001  0.44582999
Ace Val Leu C0Leu  0.32953000 -0.56515998  0.07334000  0.11776000  0.62326997 -0.54602999 -0.09263000  0.06315000  0.06315000 -0.06696000  0.04842000 -0.09478000  0.03817000  0.03817000  0.03817000 -0.09478000  0.03817000  0.03817000  0.03817000 -0.60067999  0.44731000
Ace Val Cys C0Leu  0.32657001 -0.56154001  0.06996000  0.12339000  0.61809999 -0.54764002 -0.08822000  0.06207000  0.06207000 -0.06527000  0.04947000 -0.09553000  0.03905000  0.03905000  0.03905000 -0.09553000  0.03905000  0.03905000  0.03905000 -0.59873003  0.44742000
Ace Val Val C0Leu  0.33072001 -0.57006002  0.07781000  0.11201000  0.62826002 -0.54926998 -0.09355000  0.06562000  0.06562000 -0.06926000  0.04950000 -0.09301000  0.03711000  0.03711000  0.03711000 -0.09301000  0.03711000  0.03711000  0.03711000 -0.59784001  0.44810000
Ace Val Ile C0Leu  0.33001000 -0.56930000  0.07716000  0.11248000  0.62690002 -0.54947001 -0.09361000  0.06554000  0.06554000 -0.06842000  0.04843000 -0.09413000  0.03769000  0.03769000  0.03769000 -0.09413000  0.03769000  0.03769000  0.03769000 -0.59798998  0.44788000
Ace Val Asn C0Leu  0.33076999 -0.56050003  0.07316000  0.11616000  0.61922002 -0.54105002 -0.09028000  0.06363000  0.06363000 -0.06649000  0.04814000 -0.09445000  0.03793000  0.03793000  0.03793000 -0.09445000  0.03793000  0.03793000  0.03793000 -0.60290003  0.44654000
Ace Val Hid C0Leu  0.32879999 -0.56357002  0.07173000  0.11802000  0.62132001 -0.54332000 -0.09164000  0.06292000  0.06292000 -0.06642000  0.04770000 -0.09471000  0.03839000  0.03839000  0.03839000 -0.09471000  0.03839000  0.03839000  0.03839000 -0.60102999  0.44701001
Ace Val Trp C0Leu  0.32892001 -0.56703001  0.07485000  0.11458000  0.62445003 -0.54667002 -0.09328000  0.06381000  0.06381000 -0.06714000  0.04864000 -0.09394000  0.03758000  0.03758000  0.03758000 -0.09394000  0.03758000  0.03758000  0.03758000 -0.60064000  0.44639999
Ace Val Asp C0Leu  0.34022999 -0.57126999  0.08407000  0.11011000  0.62024999 -0.55158001 -0.08787000  0.05403000  0.05403000 -0.07028000  0.06537000 -0.09174000  0.03523000  0.03523000  0.03523000 -0.09174000  0.03523000  0.03523000  0.03523000 -0.61391002  0.43336001
Ace Val Phe C0Leu  0.32936001 -0.56529999  0.07425000  0.11693000  0.62410998 -0.54628003 -0.09273000  0.06336000  0.06336000 -0.06738000  0.04863000 -0.09415000  0.03770000  0.03770000  0.03770000 -0.09415000  0.03770000  0.03770000  0.03770000 -0.60026002  0.44709000
Ace Val Glh C0Leu  0.32243001 -0.55405003  0.06915000  0.12434000  0.61053997 -0.54648000 -0.08681000  0.06285000  0.06285000 -0.06510000  0.05204000 -0.09574000  0.03907000  0.03907000  0.03907000 -0.09574000  0.03907000  0.03907000  0.03907000 -0.60450000  0.44775999
Ace Val Ala C0Leu  0.33041999 -0.56334001  0.07106000  0.12002000  0.62080002 -0.54986000 -0.08752000  0.06299000  0.06299000 -0.06702000  0.04955000 -0.09422000  0.03827000  0.03827000  0.03827000 -0.09422000  0.03827000  0.03827000  0.03827000 -0.59893000  0.44738999
Ace Val Met C0Leu  0.33146000 -0.56168997  0.07043000  0.12004000  0.62004000 -0.54777998 -0.08747000  0.06295000  0.06295000 -0.06744000  0.05025000 -0.09446000  0.03847000  0.03847000  0.03847000 -0.09446000  0.03847000  0.03847000  0.03847000 -0.59799999  0.44764000
Ace Val Ash C0Leu  0.32905999 -0.55970001  0.06972000  0.12067000  0.61677003 -0.54082000 -0.09059000  0.06303000  0.06303000 -0.06399000  0.04441000 -0.09660000  0.03949000  0.03949000  0.03949000 -0.09660000  0.03949000  0.03949000  0.03949000 -0.60222000  0.44694999
Ace Val Gly C0Leu  0.32426000 -0.55887997  0.07070000  0.12390000  0.61470997 -0.54777002 -0.08891000  0.06421000  0.06421000 -0.06550000  0.04803000 -0.09636000  0.03937000  0.03937000  0.03937000 -0.09636000  0.03937000  0.03937000  0.03937000 -0.60211003  0.44779000
Ace Val Gln C0Leu  0.32547000 -0.55818999  0.06993000  0.12039000  0.61508000 -0.54597998 -0.08697000  0.06122000  0.06122000 -0.06595000  0.05274000 -0.09505000  0.03861000  0.03861000  0.03861000 -0.09505000  0.03861000  0.03861000  0.03861000 -0.60118002  0.44617000
Ace Val Arg C0Leu  0.32304999 -0.55413002  0.07107000  0.12114001  0.61896998 -0.56193000 -0.08662000  0.06648001  0.06648001 -0.06700000  0.04897000 -0.09531000  0.04040000  0.04040000  0.04040000 -0.09531000  0.04040000  0.04040000  0.04040000 -0.59047001  0.45154000
Ace Val Lyn C0Leu  0.32765999 -0.56160003  0.07059000  0.12166000  0.61848003 -0.54891998 -0.08816000  0.06168000  0.06168000 -0.06519000  0.05029000 -0.09567000  0.03897000  0.03897000  0.03897000 -0.09567000  0.03897000  0.03897000  0.03897000 -0.60057002  0.44648001
Ace Val Tyr C0Leu  0.32644001 -0.56181002  0.07091000  0.12011000  0.61958998 -0.54179001 -0.09142000  0.06139000  0.06139000 -0.06473000  0.04663000 -0.09589000  0.03876000  0.03876000  0.03876000 -0.09589000  0.03876000  0.03876000  0.03876000 -0.60351998  0.44573000
Ace Val Cyx C0Leu  0.31968999 -0.55910999  0.07937000  0.11806000  0.61009002 -0.55330002 -0.08806000  0.06331000  0.06331000 -0.06633000  0.05493000 -0.09438000  0.03854000  0.03854000  0.03854000 -0.09438000  0.03854000  0.03854000  0.03854000 -0.60302001  0.44503000
Ace Val Lys C0Leu  0.33063001 -0.56216001  0.06838000  0.12091000  0.62383002 -0.54183000 -0.09292000  0.06737000  0.06737000 -0.07002000  0.05287000 -0.09341000  0.03565000  0.03565000  0.03565000 -0.09341000  0.03565000  0.03565000  0.03565000 -0.59152001  0.45695001
Ace Val Glu C0Leu  0.32402000 -0.56584001  0.07507000  0.11736000  0.61107999 -0.55870998 -0.08541000  0.05576000  0.05576000 -0.06647000  0.06345000 -0.09373000  0.03520000  0.03520000  0.03520000 -0.09373000  0.03520000  0.03520000  0.03520000 -0.59759998  0.44036001
Ace Val Pro C0Leu  0.32628000 -0.58016997  0.07970000  0.11109000  0.62472999 -0.55241001 -0.09089000  0.06399000  0.06399000 -0.06750000  0.05067000 -0.09267000  0.03690000  0.03690000  0.03690000 -0.09267000  0.03690000  0.03690000  0.03690000 -0.59820998  0.44696000
Ace Val Hip C0Leu  0.31777999 -0.55057001  0.06560000  0.12567000  0.61531001 -0.53513002 -0.09415000  0.07026000  0.07026000 -0.05875000  0.02245000 -0.09945000  0.04289000  0.04289000  0.04289000 -0.09945000  0.04289000  0.04289000  0.04289000 -0.59483999  0.45644000
