Ace Val Lys C0Pro  0.04321000  0.09450000  0.04321000 -0.46783000  0.07095000  0.11262000  0.62573999 -0.54961997 -0.08334000  0.07651000  0.07651000 -0.09194000  0.06618000  0.06618000 -0.59710997  0.45256999
Ace Val Cyx C0Pro  0.05308000  0.09193000  0.05308000 -0.46847001  0.07436000  0.10627000  0.62374997 -0.54187000 -0.08315000  0.06901000  0.06901000 -0.09280000  0.06321000  0.06321000 -0.60627002  0.44630000
Ace Val Ile C0Pro  0.05079000  0.09217000  0.05079000 -0.47288000  0.07595000  0.10556000  0.62182999 -0.53760999 -0.08380000  0.06846000  0.06846000 -0.09309999  0.06385000  0.06385000 -0.60768002  0.44676000
Ace Val Met C0Pro  0.05041000  0.09340000  0.05041000 -0.47284001  0.07430000  0.10472000  0.62186003 -0.53329998 -0.08320000  0.06908001  0.06908001 -0.09307000  0.06387000  0.06387000 -0.60960000  0.44683999
Ace Val Hie C0Pro  0.05234000  0.09181000  0.05234000 -0.46898001  0.07525000  0.10713000  0.62017000 -0.53514999 -0.08410000  0.06698000  0.06698000 -0.09311000  0.06356000  0.06356000 -0.60755002  0.44615999
Ace Val Glu C0Pro  0.06001000  0.09121000  0.06001000 -0.47751001  0.08125000  0.09541000  0.61821997 -0.52073002 -0.08381000  0.05808000  0.05808000 -0.09370000  0.05800000  0.05800000 -0.62471998  0.43757001
Ace Val Hid C0Pro  0.05446000  0.09012000  0.05446000 -0.46336001  0.07338000  0.10719000  0.62080997 -0.53632998 -0.08363000  0.06906000  0.06906000 -0.09227000  0.06544000  0.06544000 -0.60727000  0.44690001
Ace Val Gly C0Pro  0.04942000  0.09432000  0.04942000 -0.47275999  0.07534000  0.10622000  0.62202001 -0.53516001 -0.08335000  0.06895000  0.06895000 -0.09282000  0.06400000  0.06400000 -0.60816997  0.44718000
Ace Val Glh C0Pro  0.04950000  0.09249000  0.04950000 -0.47149000  0.07448000  0.10660000  0.62079000 -0.53389001 -0.08351000  0.06957000  0.06957000 -0.09284000  0.06444000  0.06444000 -0.60829002  0.44716999
Ace Val Trp C0Pro  0.05442000  0.09051000  0.05442000 -0.46509001  0.07525000  0.10480000  0.61998999 -0.53468001 -0.08388000  0.06774000  0.06774000 -0.09323000  0.06388000  0.06388000 -0.60877001  0.44641000
Ace Val Lyn C0Pro  0.04999000  0.09315000  0.04999000 -0.46959001  0.07420000  0.10817000  0.62006998 -0.53476000 -0.08424000  0.06853000  0.06853000 -0.09267000  0.06472000  0.06472000 -0.60659999  0.44670999
Ace Val Ser C0Pro  0.05125000  0.09206000  0.05125000 -0.47057000  0.07467000  0.10746000  0.61992002 -0.53367001 -0.08375000  0.06844000  0.06844000 -0.09278000  0.06459000  0.06459000 -0.60768002  0.44723001
Ace Val Arg C0Pro  0.04392000  0.09388000  0.04392000 -0.46485001  0.07153000  0.11290000  0.62568003 -0.55158001 -0.08350000  0.07606000  0.07606000 -0.09210000  0.06694000  0.06694000 -0.59579003  0.45195001
Ace Val Leu C0Pro  0.05028000  0.09334000  0.05028000 -0.47104001  0.07440000  0.10768000  0.61992001 -0.53492999 -0.08377000  0.06797000  0.06797000 -0.09284000  0.06408000  0.06408000 -0.60679001  0.44670001
Ace Val Phe C0Pro  0.05406000  0.09102001  0.05406000 -0.46235001  0.07465000  0.10666000  0.62001997 -0.53757000 -0.08359000  0.06808000  0.06808000 -0.09233000  0.06420000  0.06420000 -0.60583001  0.44676000
Ace Val Ala C0Pro  0.05010000  0.09395000  0.05010000 -0.47141001  0.07430000  0.10505000  0.62235999 -0.53543001 -0.08329000  0.06881000  0.06881000 -0.09312000  0.06354000  0.06354000 -0.60834998  0.44694999
Ace Val Asn C0Pro  0.05444000  0.09069000  0.05444000 -0.47113001  0.07488000  0.10701000  0.62361002 -0.54275000 -0.08398000  0.06955000  0.06955000 -0.09260000  0.06313000  0.06313000 -0.60807001  0.44620002
Ace Val Thr C0Pro  0.04553000  0.09551000  0.04553000 -0.47716999  0.07581000  0.10872000  0.62002999 -0.53618997 -0.08381000  0.06733000  0.06733000 -0.09222000  0.06390000  0.06390000 -0.60628003  0.44633001
Ace Val Gln C0Pro  0.04863000  0.09380000  0.04863000 -0.47023001  0.07366000  0.10904000  0.62041003 -0.53583002 -0.08390000  0.06831000  0.06831000 -0.09239000  0.06476000  0.06476000 -0.60516000  0.44683001
Ace Val Cys C0Pro  0.05388000  0.09086000  0.05388000 -0.46978000  0.07311000  0.10654000  0.62353998 -0.54043001 -0.08340000  0.06885000  0.06885000 -0.09234000  0.06489000  0.06489000 -0.60566002  0.44685000
Ace Val Asp C0Pro  0.07201001  0.08727000  0.07201001 -0.47685000  0.08219000  0.09464000  0.62151003 -0.53359002 -0.08437000  0.05467000  0.05467000 -0.09398000  0.05410000  0.05410000 -0.62471997  0.43375999
Ace Val Ash C0Pro  0.05303000  0.08983000  0.05303000 -0.47152001  0.07517000  0.10696000  0.62234002 -0.53908998 -0.08371000  0.07026000  0.07026000 -0.09183000  0.06432000  0.06432000 -0.60825998  0.44729998
Ace Val Hip C0Pro  0.03737000  0.09579000  0.03737000 -0.46236000  0.06793999  0.11296000  0.61906999 -0.53040999 -0.08309000  0.07732000  0.07732000 -0.09181001  0.07288000  0.07288000 -0.59581000  0.45750001
Ace Val Pro C0Pro  0.04567000  0.09645000  0.04567000 -0.48010999  0.07782000  0.10939000  0.62311000 -0.54408002 -0.08317000  0.06747000  0.06747000 -0.09274000  0.06055000  0.06055000 -0.60804999  0.44442001
Ace Val Val C0Pro  0.04961000  0.09445000  0.04961000 -0.47053000  0.07412000  0.10739000  0.61996001 -0.53602999 -0.08403000  0.06793000  0.06793000 -0.09291000  0.06459000  0.06459000 -0.60504001  0.44676000
Ace Val Tyr C0Pro  0.05505000  0.08969000  0.05505000 -0.46202999  0.07483000  0.10618000  0.62026000 -0.53659999 -0.08406000  0.06815000  0.06815000 -0.09308000  0.06483000  0.06483000 -0.60699999  0.44657999
