Ace Val Cyx CAsh  0.32343999 -0.50850999 -0.03758000  0.09163000  0.91781002 -0.81256998 -0.81256998 -0.13345000  0.07841000  0.07841000  0.65355003 -0.54026997 -0.64331001  0.42401001
Ace Val Ash CAsh  0.32501998 -0.50875998 -0.03997000  0.09219000  0.91359001 -0.81211001 -0.81211001 -0.12997000  0.08151000  0.08151000  0.65131003 -0.54168999 -0.64183998  0.42416000
Ace Val Trp CAsh  0.32365999 -0.51270997 -0.03781000  0.09132000  0.91259998 -0.81426000 -0.81426000 -0.12882000  0.07982000  0.07982000  0.65153998 -0.54203999 -0.64135998  0.42346001
Ace Val Asp CAsh  0.32297000 -0.53105998 -0.01804000  0.08520000  0.91062999 -0.82755000 -0.82755000 -0.13630000  0.08303000  0.08303000  0.65828001 -0.55875999 -0.64731002  0.41328001
Ace Val Tyr CAsh  0.32613000 -0.50931001 -0.03858000  0.09023000  0.91295999 -0.81329000 -0.81329000 -0.12812001  0.07957000  0.07957000  0.65167999 -0.54203999 -0.64093000  0.42390999
Ace Val Asn CAsh  0.32635000 -0.50979000 -0.03756000  0.09122000  0.91264999 -0.81384999 -0.81384999 -0.13015001  0.08211000  0.08211000  0.65200001 -0.54560000 -0.64026999  0.42379001
Ace Val Gly CAsh  0.32532999 -0.51177001 -0.03636000  0.09018000  0.91531998 -0.81295001 -0.81295001 -0.13138001  0.07993000  0.07993000  0.65206999 -0.54095000 -0.64280999  0.42343000
Ace Val Leu CAsh  0.31503001 -0.51502001 -0.03751000  0.09442000  0.91281003 -0.81449002 -0.81449002 -0.13111000  0.07951000  0.07951000  0.65311003 -0.54240000 -0.64137000  0.42387000
Ace Val Lyn CAsh  0.32617000 -0.50729000 -0.03594000  0.08916000  0.91667003 -0.81230003 -0.81230003 -0.13138001  0.07893000  0.07893000  0.65162999 -0.53823000 -0.64390999  0.42363000
Ace Val Ser CAsh  0.32203001 -0.51775003 -0.03868000  0.09413000  0.91171002 -0.81352002 -0.81352002 -0.13049001  0.08197000  0.08197000  0.65122002 -0.54671002 -0.63935000  0.42398000
Ace Val Lys CAsh  0.32370999 -0.50247002 -0.04622000  0.09493000  0.91356999 -0.80954999 -0.80954999 -0.12932000  0.08229000  0.08229000  0.64985001 -0.54347003 -0.63271999  0.43022999
Ace Val Glu CAsh  0.32311001 -0.52188998 -0.02100000  0.08481000  0.91184998 -0.82585001 -0.82585001 -0.13685000  0.08651000  0.08651000  0.65736997 -0.55717999 -0.64195001  0.41510999
Ace Val Glh CAsh  0.32620001 -0.50658000 -0.03898000  0.09017000  0.91681999 -0.81151998 -0.81151998 -0.13181999  0.07965000  0.07965000  0.65289003 -0.53972000 -0.64249003  0.42377001
Ace Val Phe CAsh  0.32065001 -0.51238000 -0.03849000  0.09190000  0.91301000 -0.81335002 -0.81335002 -0.12915000  0.07946000  0.07946000  0.65142000 -0.53908998 -0.64282000  0.42397001
Ace Val Cys CAsh  0.31953999 -0.50770003 -0.03647000  0.09220000  0.91628999 -0.81207001 -0.81207001 -0.13448000  0.08149000  0.08149000  0.65414000 -0.54585999 -0.63826001  0.42377001
Ace Val Arg CAsh  0.32201999 -0.49478999 -0.05020000  0.09785000  0.92087001 -0.80390000 -0.80390000 -0.13108000  0.07417000  0.07417000  0.64884001 -0.53092003 -0.64209998  0.43022999
Ace Val Hip CAsh  0.32205999 -0.49970999 -0.05649000  0.10204000  0.91457999 -0.80605000 -0.80605000 -0.12723000  0.08221000  0.08221000  0.64678002 -0.53944999 -0.63168001  0.43303999
Ace Val Thr CAsh  0.32504001 -0.51108998 -0.03836000  0.09304000  0.91610002 -0.81356001 -0.81356001 -0.13282000  0.07887000  0.07887000  0.65337002 -0.54367000 -0.64099997  0.42344999
Ace Val Hid CAsh  0.31902999 -0.51150000 -0.03956000  0.09179000  0.91288001 -0.81237000 -0.81237000 -0.12941999  0.07993000  0.07993000  0.65188998 -0.53977000 -0.64160001  0.42445001
Ace Val Ile CAsh  0.32052001 -0.51595998 -0.03749000  0.09386000  0.91188002 -0.81400001 -0.81400001 -0.12995000  0.07999000  0.07999000  0.65214002 -0.54347998 -0.64095002  0.42372999
Ace Val Val CAsh  0.32005000 -0.51485997 -0.03585000  0.09253000  0.91283000 -0.81375003 -0.81375003 -0.13063000  0.08029000  0.08029000  0.65121001 -0.54184002 -0.64140999  0.42361000
Ace Val Hie CAsh  0.31975001 -0.51514000 -0.03692000  0.09060000  0.91219997 -0.81418997 -0.81418997 -0.12868001  0.07976000  0.07976000  0.65233999 -0.54026997 -0.64354998  0.42331999
Ace Val Pro CAsh  0.31233999 -0.52781999 -0.03267000  0.09324000  0.91229999 -0.81818002 -0.81818002 -0.13246999  0.07925000  0.07925000  0.65762002 -0.55307001 -0.63545000  0.42304001
Ace Val Met CAsh  0.32471001 -0.50637001 -0.03972000  0.09299001  0.91701001 -0.81139999 -0.81139999 -0.13287000  0.07883000  0.07883000  0.65345001 -0.54363000 -0.63927001  0.42425001
Ace Val Ala CAsh  0.32396999 -0.50656003 -0.03810000  0.09092000  0.91740000 -0.81235999 -0.81235999 -0.13360000  0.07901000  0.07901000  0.65490001 -0.54607999 -0.63874000  0.42331001
Ace Val Gln CAsh  0.32556000 -0.50670999 -0.03806000  0.09059000  0.91601998 -0.81348997 -0.81348997 -0.13390000  0.08187000  0.08187000  0.65280002 -0.54435003 -0.64041001  0.42302999
