Ace Val Leu CGln  0.29780999 -0.69547999  0.29780999  0.66421002 -0.63354999 -0.14580999  0.07956000  0.07956000 -0.07257001  0.05189000  0.05189000 -0.04256000  0.06588000  0.90994000 -0.82464999 -0.82464999 -0.50765002  0.33090001
Ace Val Val CGln  0.29802000 -0.69559002  0.29802000  0.66451001 -0.63396001 -0.14490000  0.07954000  0.07954000 -0.07268000  0.05168000  0.05168000 -0.04162000  0.06449000  0.91000998 -0.82404000 -0.82404000 -0.50896001  0.33011001
Ace Val Arg CGln  0.30173001 -0.69081998  0.30173001  0.66338003 -0.63229001 -0.14873999  0.08196000  0.08196000 -0.06641000  0.05084000  0.05084000 -0.05244000  0.07571000  0.90904999 -0.82394999 -0.82394999 -0.49756000  0.32420000
Ace Val Lys CGln  0.30307001 -0.68788999  0.30307001  0.66605002 -0.64802998 -0.14925000  0.08545000  0.08545000 -0.06435000  0.04421000  0.04421000 -0.05584000  0.06864000  0.91259003 -0.81360000 -0.81360000 -0.49594000  0.33539998
Ace Val Hid CGln  0.29813000 -0.69566000  0.29813000  0.66478002 -0.63410002 -0.14524999  0.08068000  0.08068000 -0.07205000  0.05098000  0.05098000 -0.04369000  0.06508000  0.91010999 -0.82213998 -0.82213998 -0.50664997  0.33140999
Ace Val Tyr CGln  0.29763999 -0.69492000  0.29763999  0.66431999 -0.63423997 -0.14338000  0.07964000  0.07964000 -0.07254000  0.05112000  0.05112000 -0.04199000  0.06630000  0.90754002 -0.82309997 -0.82309997 -0.50769001  0.32960999
Ace Val Asn CGln  0.29835999 -0.69572002  0.29835999  0.66526002 -0.63542998 -0.14577000  0.08022000  0.08022000 -0.06918000  0.04910000  0.04910000 -0.04604000  0.06663000  0.90880001 -0.82230002 -0.82230002 -0.50619000  0.33372000
Ace Val Gly CGln  0.29787001 -0.69714999  0.29787001  0.66443002 -0.63317001 -0.14572001  0.08039000  0.08039000 -0.07001000  0.05111000  0.05111000 -0.04034000  0.06441000  0.90917998 -0.82520998 -0.82520998 -0.51198000  0.33072999
Ace Val Asp CGln  0.29223999 -0.70653999  0.29223999  0.66478002 -0.63172001 -0.14693999  0.08144000  0.08144000 -0.07446000  0.05145000  0.05145000 -0.02528000  0.06025000  0.90812999 -0.84129000 -0.84129000 -0.52604002  0.33164999
Ace Val Thr CGln  0.29802999 -0.69814002  0.29802999  0.66434002 -0.63151002 -0.14528000  0.08014000  0.08014000 -0.06937000  0.05080000  0.05080000 -0.04157000  0.06969000  0.90627003 -0.82665002 -0.82665002 -0.51287001  0.32411999
Ace Val Lyn CGln  0.29798999 -0.69635999  0.29798999  0.66382998 -0.63279998 -0.14576000  0.08073000  0.08073000 -0.06889000  0.05097000  0.05097000 -0.04608000  0.07079000  0.90653002 -0.82508999 -0.82508999 -0.50663000  0.32846999
Ace Val Pro CGln  0.30123001 -0.69766003  0.30123001  0.66121000 -0.63686001 -0.15167999  0.08331000  0.08331000 -0.06721000  0.04715000  0.04715000 -0.04047000  0.06654000  0.91179001 -0.82902998 -0.82902998 -0.52335000  0.32896998
Ace Val Met CGln  0.29798001 -0.69489002  0.29798001  0.66420001 -0.63248998 -0.14634000  0.08022000  0.08022000 -0.06932000  0.05146000  0.05146000 -0.04831000  0.07227000  0.90658998 -0.82352000 -0.82352000 -0.50624001  0.32846999
Ace Val Ala CGln  0.29802001 -0.69566000  0.29802001  0.66453999 -0.63283002 -0.14766000  0.08100000  0.08100000 -0.06857000  0.05054000  0.05054000 -0.04559000  0.07125000  0.90757000 -0.82599998 -0.82599998 -0.50779003  0.32855001
Ace Val Ile CGln  0.29785001 -0.69580001  0.29785001  0.66450000 -0.63409001 -0.14453000  0.08035000  0.08035000 -0.07285000  0.05122000  0.05122000 -0.04049000  0.06461000  0.90981001 -0.82442999 -0.82442999 -0.50924998  0.33056000
Ace Val Phe CGln  0.29751000 -0.69510001  0.29751000  0.66463000 -0.63366002 -0.14478999  0.07975000  0.07975000 -0.07259000  0.05152000  0.05152000 -0.04266000  0.06619000  0.90952998 -0.82336998 -0.82336998 -0.50775999  0.33045000
Ace Val Glh CGln  0.29802000 -0.69527000  0.29802000  0.66404003 -0.63305002 -0.14515001  0.08020000  0.08020000 -0.07078000  0.05117000  0.05117000 -0.04513000  0.07148000  0.90895998 -0.82352001 -0.82352001 -0.50604999  0.33059001
Ace Val Ash CGln  0.29820001 -0.69507003  0.29820001  0.66481000 -0.63415003 -0.14665000  0.08096000  0.08096000 -0.07082000  0.05091000  0.05091000 -0.04568000  0.06506000  0.91073000 -0.82181001 -0.82181001 -0.50483000  0.33412999
Ace Val Glu CGln  0.29330000 -0.70532000  0.29330000  0.66566002 -0.63563002 -0.14947001  0.08434999  0.08434999 -0.06967000  0.04867000  0.04867000 -0.02824000  0.06364999  0.90928000 -0.83789999 -0.83789999 -0.52348000  0.33326000
Ace Val Hip CGln  0.30430001 -0.68673003  0.30430001  0.66443998 -0.64216000 -0.15044001  0.08655000  0.08655000 -0.06361000  0.04544000  0.04544000 -0.05829000  0.06947000  0.91759998 -0.81329000 -0.81329000 -0.49954000  0.33484000
Ace Val Hie CGln  0.29706999 -0.69581002  0.29706999  0.66465002 -0.63363999 -0.14300001  0.07914000  0.07914000 -0.07285000  0.05147000  0.05147000 -0.04084000  0.06550999  0.90761000 -0.82389999 -0.82389999 -0.50844002  0.32975000
Ace Val Ser CGln  0.29831001 -0.69599998  0.29831001  0.66469002 -0.63490999 -0.14654000  0.08109000  0.08109000 -0.07025000  0.04973000  0.04973000 -0.04117000  0.06757000  0.90894002 -0.82620001 -0.82620001 -0.51705003  0.32951999
Ace Val Cys CGln  0.29819000 -0.69585001  0.29819000  0.66457999 -0.63255000 -0.14799000  0.08134000  0.08134000 -0.06961000  0.05064000  0.05064000 -0.04448000  0.07154000  0.91011000 -0.82495999 -0.82495999 -0.50736999  0.32822999
Ace Val Trp CGln  0.29728001 -0.69496000  0.29728001  0.66431999 -0.63422001 -0.14494001  0.08006000  0.08006000 -0.07208000  0.05133000  0.05133000 -0.04248000  0.06604000  0.90941000 -0.82385999 -0.82385999 -0.50827003  0.33054000
Ace Val Cyx CGln  0.29782000 -0.69642001  0.29782000  0.66447997 -0.62927997 -0.14517000  0.07909000  0.07909000 -0.07472000  0.05254000  0.05254000 -0.04259000  0.07252000  0.90802997 -0.82609999 -0.82609999 -0.51102000  0.32688001
Ace Val Gln CGln  0.29797000 -0.69708001  0.29797000  0.66443002 -0.63194000 -0.14666000  0.08081001  0.08081001 -0.06932000  0.05091000  0.05091000 -0.04456000  0.07023000  0.90824998 -0.82466000 -0.82466000 -0.50615000  0.33019999
