Ace Val Ile CMet  0.32433999 -0.50656003 -0.03298000  0.06846000  0.91231001 -0.82309002 -0.82309002 -0.07815000  0.04566000  0.04566000  0.01604000  0.08040000  0.08040000 -0.35210001 -0.03131000  0.05292000  0.05292000  0.05292000
Ace Val Arg CMet  0.32585001 -0.49649000 -0.04359000  0.07275000  0.91227001 -0.82050002 -0.82050002 -0.06940000  0.04636000  0.04636000  0.00782000  0.08237000  0.08237000 -0.34671000 -0.03031000  0.05664000  0.05664000  0.05664000
Ace Val Ser CMet  0.32117999 -0.51481002 -0.03235000  0.07050000  0.91259998 -0.82416999 -0.82416999 -0.07817000  0.04280000  0.04280000  0.01525000  0.08432000  0.08432000 -0.35630000 -0.02989000  0.05343000  0.05343000  0.05343000
Ace Val Gln CMet  0.32657000 -0.50380999 -0.03846000  0.07291000  0.91145998 -0.82461000 -0.82461000 -0.07247000  0.04559000  0.04559000  0.01580000  0.08157000  0.08157000 -0.35866001 -0.02886000  0.05331000  0.05331000  0.05331000
Ace Val Met CMet  0.32633001 -0.50314999 -0.03895000  0.07243000  0.91078001 -0.82152999 -0.82152999 -0.07349000  0.04798000  0.04798000  0.01474000  0.07753000  0.07753000 -0.35159999 -0.03090000  0.05394000  0.05394000  0.05394000
Ace Val Trp CMet  0.32457000 -0.50478000 -0.03554000  0.06955000  0.91288000 -0.82291001 -0.82291001 -0.07634000  0.04564000  0.04564000  0.01679000  0.07926000  0.07926000 -0.35231000 -0.03093000  0.05271000  0.05271000  0.05271000
Ace Val Hie CMet  0.32664001 -0.50559998 -0.03440000  0.06865000  0.91218001 -0.82326001 -0.82326001 -0.07721000  0.04545000  0.04545000  0.01680000  0.08007000  0.08007000 -0.35381001 -0.03092000  0.05282000  0.05282000  0.05282000
Ace Val Asn CMet  0.32795000 -0.50327999 -0.03710000  0.07102000  0.91408002 -0.82128000 -0.82128000 -0.07597000  0.04231000  0.04231000  0.01556000  0.08230000  0.08230000 -0.35474000 -0.03041000  0.05317000  0.05317000  0.05317000
Ace Val Glu CMet  0.32056001 -0.51893997 -0.02720000  0.06855000  0.90608001 -0.83441001 -0.83441001 -0.07314000  0.04945000  0.04945000  0.02611000  0.07837000  0.07837000 -0.37970999 -0.02527000  0.05106000  0.05106000  0.05106000
Ace Val Hip CMet  0.32673001 -0.49370000 -0.05616000  0.07665000  0.92317998 -0.81300002 -0.81300002 -0.06899000  0.03823000  0.03823000  0.00718000  0.08746000  0.08746000 -0.34841999 -0.02946000  0.05698000  0.05698000  0.05698000
Ace Val Cyx CMet  0.32846001 -0.50690001 -0.03721000  0.07075000  0.91035002 -0.82534999 -0.82534999 -0.07341000  0.04477000  0.04477000  0.01457000  0.08459000  0.08459000 -0.35607001 -0.03016000  0.05366000  0.05366000  0.05366000
Ace Val Ash CMet  0.32857001 -0.50151002 -0.03730000  0.06946000  0.91330999 -0.82049000 -0.82049000 -0.07663000  0.04377000  0.04377000  0.01443000  0.08233000  0.08233000 -0.35134000 -0.03128000  0.05331000  0.05331000  0.05331000
Ace Val Phe CMet  0.32543000 -0.50321001 -0.03662000  0.07021000  0.91280001 -0.82209998 -0.82209998 -0.07607000  0.04379000  0.04379000  0.01689000  0.08161000  0.08161000 -0.35400000 -0.03052000  0.05302000  0.05302000  0.05302000
Ace Val Glh CMet  0.32843000 -0.50502002 -0.04109000  0.07300000  0.91046000 -0.82317001 -0.82317001 -0.07349000  0.04310000  0.04310000  0.01383000  0.08541000  0.08541000 -0.35699001 -0.02917000  0.05405000  0.05405000  0.05405000
Ace Val Val CMet  0.32393000 -0.50608998 -0.03256000  0.06890000  0.91273999 -0.82318002 -0.82318002 -0.07824000  0.04521000  0.04521000  0.01705000  0.08078000  0.08078000 -0.35378998 -0.03074000  0.05291000  0.05291000  0.05291000
Ace Val Thr CMet  0.32256001 -0.51631999 -0.03265000  0.06908000  0.90934002 -0.82578999 -0.82578999 -0.07463000  0.04708000  0.04708000  0.01491000  0.08039000  0.08039000 -0.35429001 -0.03030000  0.05348000  0.05348000  0.05348000
Ace Val Cys CMet  0.32347000 -0.50524998 -0.03557000  0.07388000  0.91144001 -0.82274997 -0.82274997 -0.07351000  0.04562000  0.04562000  0.01466000  0.08086000  0.08086000 -0.35275000 -0.03038000  0.05334000  0.05334000  0.05334000
Ace Val Hid CMet  0.32657000 -0.50307000 -0.03772000  0.07003000  0.91306001 -0.82108998 -0.82108998 -0.07600000  0.04490000  0.04490000  0.01572000  0.08067000  0.08067000 -0.35326001 -0.03033000  0.05338000  0.05338000  0.05338000
Ace Val Lys CMet  0.32949001 -0.49215999 -0.04884000  0.07387001  0.91776002 -0.81057000 -0.81057000 -0.07254000  0.03438000  0.03438000  0.01484000  0.08896000  0.08896000 -0.36570000 -0.02638000  0.05643000  0.05643000  0.05643000
Ace Val Tyr CMet  0.32429999 -0.50339001 -0.03570000  0.06954000  0.91385001 -0.82225001 -0.82225001 -0.07747000  0.04700000  0.04700000  0.01725000  0.07697000  0.07697000 -0.35214001 -0.03119000  0.05323000  0.05323000  0.05323000
Ace Val Gly CMet  0.32295000 -0.50853998 -0.03522000  0.06779000  0.91345000 -0.82407999 -0.82407999 -0.07539001  0.04930000  0.04930000  0.01565000  0.07651000  0.07651000 -0.35444001 -0.03003000  0.05370000  0.05370000  0.05370000
Ace Val Ala CMet  0.32448000 -0.50487000 -0.03649000  0.07280000  0.91008002 -0.82356000 -0.82356000 -0.07414000  0.04685000  0.04685000  0.01413000  0.07908000  0.07908000 -0.34948000 -0.03176000  0.05310000  0.05310000  0.05310000
Ace Val Pro CMet  0.31952000 -0.52038997 -0.03095000  0.06941000  0.91301000 -0.82628000 -0.82628000 -0.07636000  0.04325000  0.04325000  0.01676000  0.08277000  0.08277000 -0.35865000 -0.02971000  0.05267000  0.05267000  0.05267000
Ace Val Asp CMet  0.32591999 -0.52294999 -0.01636000  0.06279000  0.90881997 -0.83789998 -0.83789998 -0.08134000  0.05059000  0.05059000  0.02584000  0.07448000  0.07448000 -0.36078000 -0.03131000  0.04708000  0.04708000  0.04708000
Ace Val Lyn CMet  0.32464001 -0.50415999 -0.03587000  0.07113000  0.91131997 -0.82243001 -0.82243001 -0.07333000  0.04722000  0.04722000  0.01576000  0.07814000  0.07814000 -0.34777999 -0.03232000  0.05212000  0.05212000  0.05212000
Ace Val Leu CMet  0.32466999 -0.50475001 -0.03387000  0.06922000  0.91273999 -0.82321000 -0.82321000 -0.07787000  0.04418000  0.04418000  0.01599000  0.08209000  0.08209000 -0.35319000 -0.03091000  0.05292000  0.05292000  0.05292000
