Ace Val Lyn CPhe  0.10797000 -0.15171000 -0.14166000  0.11478000 -0.11977000  0.14954001 -0.04766000 -0.04874000  0.04668000  0.04668000 -0.03437000  0.07314000  0.91128999 -0.81955999 -0.81955999 -0.50761002  0.32507000 -0.11977000  0.14954001 -0.14166000  0.11478000
Ace Val Cys CPhe  0.10835000 -0.15199000 -0.14151000  0.11465000 -0.11982000  0.14883000 -0.04704000 -0.05125000  0.04942000  0.04942000 -0.03185000  0.07496000  0.91079002 -0.82037002 -0.82037002 -0.51002002  0.32190999 -0.11982000  0.14883000 -0.14151000  0.11465000
Ace Val Glh CPhe  0.10851000 -0.15123001 -0.14183000  0.11463999 -0.11913000  0.14989000 -0.04782000 -0.04733000  0.04764000  0.04764000 -0.03400000  0.07005000  0.91108000 -0.81831998 -0.81831998 -0.50563997  0.32528001 -0.11913000  0.14989000 -0.14183000  0.11463999
Ace Val Leu CPhe  0.10813000 -0.15218000 -0.14119001  0.11453000 -0.11944000  0.14938000 -0.04829000 -0.04564000  0.04533000  0.04533000 -0.03371000  0.07608000  0.90864003 -0.82196999 -0.82196999 -0.51385999  0.32280999 -0.11944000  0.14938000 -0.14119001  0.11453000
Ace Val Ile CPhe  0.10791000 -0.15171000 -0.14110000  0.11499001 -0.11980000  0.14877001 -0.04781000 -0.04597000  0.04561000  0.04561000 -0.03668000  0.08002001  0.90806002 -0.82199001 -0.82199001 -0.51393002  0.32055000 -0.11980000  0.14877001 -0.14110000  0.11499001
Ace Val Thr CPhe  0.10718000 -0.15239000 -0.14199001  0.11450000 -0.11976000  0.15040000 -0.04716000 -0.04872000  0.04548000  0.04548000 -0.03380000  0.07390000  0.91215002 -0.82113999 -0.82113999 -0.50958002  0.32491001 -0.11976000  0.15040000 -0.14199001  0.11450000
Ace Val Cyx CPhe  0.10816000 -0.15127000 -0.14235000  0.11432000 -0.11890000  0.15162000 -0.04867000 -0.04680000  0.04624000  0.04624000 -0.03256000  0.06894000  0.91035002 -0.81926000 -0.81926000 -0.50550997  0.32600000 -0.11890000  0.15162000 -0.14235000  0.11432000
Ace Val Lys CPhe  0.11462000 -0.14394000 -0.13786000  0.11933000 -0.11890000  0.14499999 -0.05656000 -0.04359000  0.04468000  0.04468000 -0.03933000  0.07844000  0.91301000 -0.81819999 -0.81819999 -0.50193000  0.32368001 -0.11890000  0.14499999 -0.13786000  0.11933000
Ace Val Hip CPhe  0.11726000 -0.14143000 -0.13630999  0.12130000 -0.11860000  0.14205000 -0.05875000 -0.04408000  0.04626000  0.04626000 -0.04509000  0.08192000  0.91359002 -0.81344002 -0.81344002 -0.49698001  0.32416001 -0.11860000  0.14205000 -0.13630999  0.12130000
Ace Val Gln CPhe  0.10741000 -0.15174000 -0.14176001  0.11445000 -0.11891000  0.14981000 -0.04690000 -0.04859000  0.04725000  0.04725000 -0.03309000  0.07198000  0.91204000 -0.82056999 -0.82056999 -0.50757998  0.32540000 -0.11891000  0.14981000 -0.14176001  0.11445000
Ace Val Val CPhe  0.10820000 -0.15180000 -0.14091000  0.11500000 -0.11986000  0.14824000 -0.04792000 -0.04734000  0.04638000  0.04638000 -0.03508000  0.07893000  0.90833998 -0.82179999 -0.82179999 -0.51353001  0.32146999 -0.11986000  0.14824000 -0.14091000  0.11500000
Ace Val Ser CPhe  0.10860000 -0.15221000 -0.14226000  0.11406000 -0.12019000  0.14991000 -0.04658000 -0.04921000  0.04840000  0.04840000 -0.02984000  0.07169000  0.90957999 -0.82165998 -0.82165998 -0.51546001  0.32326001 -0.12019000  0.14991000 -0.14226000  0.11406000
Ace Val Tyr CPhe  0.10844000 -0.15142000 -0.14140999  0.11479000 -0.11987000  0.14905000 -0.04827000 -0.04823000  0.04715000  0.04715000 -0.03280000  0.07524000  0.90920001 -0.82130003 -0.82130003 -0.51037002  0.32227999 -0.11987000  0.14905000 -0.14140999  0.11479000
Ace Val Arg CPhe  0.11518000 -0.14437001 -0.13817000  0.11981000 -0.11965000  0.14526001 -0.05685000 -0.04123000  0.04064000  0.04064000 -0.04206000  0.07598000  0.91363001 -0.81181997 -0.81181997 -0.49865002  0.32804999 -0.11965000  0.14526001 -0.13817000  0.11981000
Ace Val Asn CPhe  0.10788000 -0.15181000 -0.14165000  0.11456000 -0.11975000  0.14982000 -0.04804000 -0.04926000  0.04806000  0.04806000 -0.03375000  0.07210000  0.91148001 -0.82086003 -0.82086003 -0.50779003  0.32560000 -0.11975000  0.14982000 -0.14165000  0.11456000
Ace Val Glu CPhe  0.09843000 -0.16210000 -0.14641001  0.10740000 -0.11966000  0.15473001 -0.03321000 -0.05891000  0.05491000  0.05491000 -0.02005000  0.06525000  0.90995997 -0.83244997 -0.83244997 -0.51782000  0.32401001 -0.11966000  0.15473001 -0.14641001  0.10740000
Ace Val Ala CPhe  0.10811000 -0.15208000 -0.14183000  0.11461000 -0.11995000  0.14967000 -0.04748000 -0.05064000  0.04802000  0.04802000 -0.03258000  0.07373000  0.91061002 -0.82053000 -0.82053000 -0.50834000  0.32381001 -0.11995000  0.14967000 -0.14183000  0.11461000
Ace Val Pro CPhe  0.10652000 -0.15364000 -0.14158000  0.11376000 -0.11996000  0.14843000 -0.04345000 -0.05062000  0.04947000  0.04947000 -0.02884000  0.07286000  0.90836000 -0.82537001 -0.82537001 -0.52727997  0.31601000 -0.11996000  0.14843000 -0.14158000  0.11376000
Ace Val Hid CPhe  0.10827000 -0.15144000 -0.14135000  0.11498000 -0.11972000  0.14938000 -0.04860000 -0.04910000  0.04752000  0.04752000 -0.03471000  0.07319000  0.91137999 -0.81914997 -0.81914997 -0.50849998  0.32403001 -0.11972000  0.14938000 -0.14135000  0.11498000
Ace Val Gly CPhe  0.10819000 -0.15178000 -0.14191000  0.11444000 -0.11973000  0.14989000 -0.04706000 -0.04744000  0.04631000  0.04631000 -0.03126000  0.07279000  0.91078001 -0.82049000 -0.82049000 -0.51112002  0.32420999 -0.11973000  0.14989000 -0.14191000  0.11444000
Ace Val Trp CPhe  0.10786000 -0.15188000 -0.14148000  0.11447000 -0.11969000  0.14924000 -0.04740000 -0.04837000  0.04663000  0.04663000 -0.03203000  0.07337000  0.91044003 -0.82143998 -0.82143998 -0.51176000  0.32321000 -0.11969000  0.14924000 -0.14148000  0.11447000
Ace Val Ash CPhe  0.10798000 -0.15130000 -0.14160000  0.11467000 -0.11932000  0.14986999 -0.04816000 -0.04924000  0.04797000  0.04797000 -0.03423000  0.07302000  0.91172999 -0.81972998 -0.81972998 -0.50844997  0.32429001 -0.11932000  0.14986999 -0.14160000  0.11467000
Ace Val Met CPhe  0.10845000 -0.15109000 -0.14150000  0.11486000 -0.11930000  0.14944000 -0.04799000 -0.04849000  0.04693000  0.04693000 -0.03372000  0.07152000  0.91148001 -0.81874001 -0.81874001 -0.50496000  0.32620001 -0.11930000  0.14944000 -0.14150000  0.11486000
Ace Val Hie CPhe  0.10743000 -0.15229000 -0.14204000  0.11405000 -0.11976000  0.15042999 -0.04716000 -0.04755000  0.04605000  0.04605000 -0.03135000  0.07280000  0.91082001 -0.82214999 -0.82214999 -0.51222998  0.32418999 -0.11976000  0.15042999 -0.14204000  0.11405000
Ace Val Asp CPhe  0.09855000 -0.16407999 -0.14689000  0.10603000 -0.12167000  0.15516000 -0.03088000 -0.05669000  0.05082000  0.05082000 -0.01376000  0.06279000  0.90889001 -0.83469999 -0.83469999 -0.52919000  0.32639000 -0.12167000  0.15516000 -0.14689000  0.10603000
Ace Val Phe CPhe  0.10819000 -0.15163000 -0.14098001  0.11501000 -0.11993000  0.14837000 -0.04781000 -0.04779000  0.04672000  0.04672000 -0.03453000  0.07788000  0.90882999 -0.82176000 -0.82176000 -0.51255000  0.32049000 -0.11993000  0.14837000 -0.14098001  0.11501000
