Ace Val Gly CSer  0.37246999 -0.59165001  0.13278000  0.02302000  0.02302000 -0.04552000  0.06127000  0.93023998 -0.82571000 -0.82571000 -0.49470001  0.34035999
Ace Val Gln CSer  0.38010001 -0.59483999  0.13899000  0.02273000  0.02273000 -0.05650000  0.06507000  0.92663002 -0.82441998 -0.82441998 -0.49487999  0.33621999
Ace Val Ash CSer  0.38002000 -0.59060001  0.14116000  0.01952000  0.01952000 -0.05992000  0.06381000  0.92372001 -0.81964999 -0.81964999 -0.49860999  0.34346000
Ace Val Cys CSer  0.37771999 -0.58697999  0.14103000  0.02081000  0.02081000 -0.06109000  0.06967999  0.92268002 -0.82121998 -0.82121998 -0.50221998  0.33414998
Ace Val Pro CSer  0.37847999 -0.58991998  0.13879999  0.01511000  0.01511000 -0.04961000  0.07251000  0.91886002 -0.82398999 -0.82398999 -0.52140999  0.33120000
Ace Val Cyx CSer  0.37279999 -0.58873999  0.12948000  0.02335000  0.02335000 -0.04439000  0.06752000  0.93010002 -0.82850999 -0.82850999 -0.49524999  0.33453000
Ace Val Asp CSer  0.38016999 -0.60211998  0.13556001  0.02307000  0.02307000 -0.04538000  0.06152000  0.91342002 -0.83679002 -0.83679002 -0.52531999  0.33454001
Ace Val Asn CSer  0.37869999 -0.58810002  0.13860001  0.01454000  0.01454000 -0.05653000  0.07340000  0.91970003 -0.81901002 -0.81901002 -0.50629997  0.33880001
Ace Val Phe CSer  0.37965000 -0.58967000  0.13898000  0.01767000  0.01767000 -0.05563000  0.06833000  0.92179000 -0.82125002 -0.82125002 -0.50455999  0.33835000
Ace Val Val CSer  0.37211001 -0.58772999  0.13321000  0.01817000  0.01817000 -0.04292000  0.06822000  0.92431003 -0.82306999 -0.82306999 -0.50557000  0.33614001
Ace Val Leu CSer  0.37384000 -0.58675999  0.13156000  0.01906000  0.01906000 -0.04841000  0.06893000  0.92517000 -0.82257998 -0.82257998 -0.50441003  0.33700999
Ace Val Glh CSer  0.37305999 -0.59033000  0.13547000  0.02078000  0.02078000 -0.05155000  0.06882000  0.92881000 -0.82405001 -0.82405001 -0.49048999  0.33537000
Ace Val Hip CSer  0.37718001 -0.58766001  0.13464000  0.02132000  0.02132000 -0.06560000  0.07225000  0.93216998 -0.80772000 -0.80772000 -0.48730001  0.34540001
Ace Val Ile CSer  0.37211999 -0.58493000  0.12952000  0.01797000  0.01797000 -0.04203000  0.06794000  0.92623001 -0.82231999 -0.82231999 -0.50471002  0.33682001
Ace Val Ser CSer  0.37029999 -0.58552998  0.13548000  0.01758000  0.01758000 -0.04869000  0.06786000  0.92514998 -0.82383001 -0.82383001 -0.50305998  0.33660000
Ace Val Arg CSer  0.37904000 -0.58787000  0.13496000  0.02209000  0.02209000 -0.05440000  0.07284000  0.92796999 -0.82098001 -0.82098001 -0.48460001  0.33429000
Ace Val Trp CSer  0.37358001 -0.58037001  0.13913999  0.01296000  0.01296000 -0.05100000  0.07134000  0.92016000 -0.82069999 -0.82069999 -0.50996000  0.33667001
Ace Val Met CSer  0.37640000 -0.58495998  0.14613000  0.01972000  0.01972000 -0.06492000  0.06851001  0.91779000 -0.82019001 -0.82019001 -0.49981999  0.33567000
Ace Val Hie CSer  0.37139001 -0.58859003  0.13394000  0.02002000  0.02002000 -0.04598000  0.06209000  0.92720997 -0.82419002 -0.82419002 -0.49884000  0.34097001
Ace Val Lys CSer  0.38097000 -0.58954000  0.14239000  0.01629000  0.01629000 -0.07020000  0.06833000  0.92905003 -0.81019002 -0.81019002 -0.49235001  0.34380001
Ace Val Ala CSer  0.37546000 -0.58701998  0.13651000  0.02024000  0.02024000 -0.05637000  0.06932000  0.92416000 -0.82314003 -0.82314003 -0.49923000  0.33502000
Ace Val Lyn CSer  0.37994999 -0.59100998  0.14204000  0.01935000  0.01935000 -0.05765000  0.06973000  0.92110002 -0.82437998 -0.82437998 -0.49849001  0.33390999
Ace Val Thr CSer  0.37808001 -0.59246999  0.13421001  0.02201000  0.02201000 -0.04789000  0.06663000  0.92593002 -0.82753003 -0.82753003 -0.50493002  0.33295000
Ace Val Tyr CSer  0.37095001 -0.58543998  0.13502000  0.01750000  0.01750000 -0.04893000  0.06525000  0.92541999 -0.82167000 -0.82167000 -0.49838001  0.34057999
Ace Val Hid CSer  0.37250999 -0.58575999  0.13792001  0.01679000  0.01679000 -0.05047000  0.06564000  0.92518002 -0.82046002 -0.82046002 -0.50084001  0.34084001
Ace Val Glu CSer  0.36528999 -0.58753997  0.13721000  0.01550000  0.01550000 -0.03797000  0.06379000  0.92025000 -0.83199000 -0.83199000 -0.51297998  0.33618999
