Ace Val Cyx CTrp  0.11767000 -0.16993999 -0.12650000  0.11033000 -0.15682000  0.11679000  0.06815000 -0.07267000 -0.06552000  0.15769000 -0.08067000 -0.02174000  0.04441000  0.04441000 -0.03499000  0.06794000  0.91526997 -0.82047999 -0.82047999 -0.50612003  0.32911000 -0.01264000  0.17137000 -0.58339000  0.42449999
Ace Val Glh CTrp  0.11829000 -0.16911000 -0.12522000  0.11032000 -0.15731000  0.11655000  0.06613000 -0.07221000 -0.05963000  0.16223000 -0.07178000 -0.02237000  0.04534000  0.04534000 -0.03550000  0.06905000  0.91619998 -0.82007998 -0.82007998 -0.50616002  0.32787001 -0.02471000  0.16532999 -0.58001000  0.41997000
Ace Val Asn CTrp  0.11853000 -0.16917001 -0.12479000  0.11032000 -0.15782000  0.11617000  0.06530000 -0.07324000 -0.05811000  0.16456000 -0.06974000 -0.02557000  0.04792000  0.04792000 -0.03611000  0.06988000  0.91549998 -0.82186002 -0.82186002 -0.50787997  0.32716000 -0.03143000  0.16440000 -0.57906002  0.41896000
Ace Val Glu CTrp  0.11419000 -0.17320999 -0.13359000  0.10258001 -0.16254000  0.10977000  0.06293001 -0.06849000 -0.06037000  0.16509000 -0.05856000 -0.03584000  0.05369000  0.05369000 -0.02008000  0.06460000  0.91241998 -0.83385002 -0.83385002 -0.51719999  0.32573000 -0.02438000  0.17396000 -0.58285999  0.41341001
Ace Val Val CTrp  0.11825000 -0.16828000 -0.12622000  0.11044000 -0.15579000  0.11702000  0.06477000 -0.07272000 -0.06277000  0.16106001 -0.07440000 -0.02337000  0.04502000  0.04502000 -0.03482000  0.07340000  0.91429001 -0.82256001 -0.82256001 -0.51326001  0.32420001 -0.02481000  0.16810000 -0.57871002  0.41964001
Ace Val Gly CTrp  0.11803000 -0.16903999 -0.12588000  0.11034000 -0.15686999  0.11644000  0.06600000 -0.07245000 -0.06188000  0.16060001 -0.07306000 -0.02202000  0.04447000  0.04447000 -0.03420000  0.07128000  0.91518998 -0.82195997 -0.82195997 -0.51132000  0.32620001 -0.02240000  0.16728000 -0.58042002  0.42054000
Ace Val Asp CTrp  0.11381000 -0.17617001 -0.13099000  0.10145000 -0.16614001  0.10870000  0.06177000 -0.06944000 -0.05033000  0.17490999 -0.04647000 -0.03589000  0.05090000  0.05090000 -0.01555000  0.06084000  0.91198999 -0.83504999 -0.83504999 -0.53043997  0.32681000 -0.04457000  0.16660000 -0.58267999  0.40963000
Ace Val Gln CTrp  0.11729999 -0.16920001 -0.12744001  0.11034000 -0.15603000  0.11667000  0.06835000 -0.07240001 -0.06758000  0.15454000 -0.07996001 -0.02259000  0.04513000  0.04513000 -0.03396000  0.07188000  0.91544002 -0.82269001 -0.82269001 -0.50853002  0.32721001 -0.00999000  0.17242999 -0.58367998  0.42449000
Ace Val Leu CTrp  0.11805000 -0.16862001 -0.12648000  0.11067000 -0.15557000  0.11690000  0.06526000 -0.07320000 -0.06451000  0.15847000 -0.07573001 -0.02175000  0.04513000  0.04513000 -0.03543000  0.07427000  0.91245001 -0.82340998 -0.82340998 -0.51293999  0.32251000 -0.02096000  0.16964000 -0.57981998  0.42087000
Ace Val Cys CTrp  0.11813000 -0.16997000 -0.12529001  0.11022000 -0.15785000  0.11611000  0.06654000 -0.07363000 -0.06088000  0.16226000 -0.07259000 -0.02784000  0.04956000  0.04956000 -0.03236000  0.07104000  0.91492999 -0.82172000 -0.82172000 -0.50897998  0.32271999 -0.02511000  0.16745000 -0.58126998  0.42104000
Ace Val Hie CTrp  0.11791000 -0.16926999 -0.12551001  0.10980000 -0.15727000  0.11612000  0.06422000 -0.07157000 -0.05855000  0.16357000 -0.06924000 -0.02172000  0.04417000  0.04417000 -0.03530000  0.06992000  0.91491002 -0.82266998 -0.82266998 -0.51207000  0.32515001 -0.02951000  0.16497999 -0.57862997  0.41819999
Ace Val Tyr CTrp  0.11849000 -0.16890000 -0.12505000  0.11061000 -0.15694000  0.11650000  0.06502000 -0.07231000 -0.06047000  0.16204999 -0.07157000 -0.02295000  0.04594000  0.04594000 -0.03572000  0.07179000  0.91355002 -0.82231999 -0.82231999 -0.51009000  0.32348999 -0.02766000  0.16568000 -0.57962001  0.41979000
Ace Val Ser CTrp  0.11795000 -0.16943000 -0.12603000  0.11060000 -0.15702000  0.11656000  0.06637000 -0.07259000 -0.06431000  0.15879001 -0.07594000 -0.02279000  0.04545000  0.04545000 -0.03147000  0.06954000  0.91399997 -0.82296997 -0.82296997 -0.51672000  0.32488999 -0.01859000  0.16966000 -0.58161002  0.42194000
Ace Val Pro CTrp  0.11676000 -0.17100000 -0.12779000  0.10980000 -0.15648000  0.11660000  0.06764000 -0.07504000 -0.06610000  0.15414999 -0.08033000 -0.02316000  0.04768000  0.04768000 -0.03193000  0.07335000  0.91071999 -0.82810003 -0.82810003 -0.52512997  0.31751001 -0.01334000  0.17630000 -0.58329999  0.42377001
Ace Val Thr CTrp  0.11751000 -0.16965000 -0.12665001  0.10998000 -0.15671000  0.11645000  0.06660000 -0.07269000 -0.06370000  0.15955000 -0.07497000 -0.02375000  0.04377000  0.04377000 -0.03261000  0.07042000  0.91674000 -0.82288998 -0.82288998 -0.51244003  0.32677001 -0.01872000  0.16926999 -0.58156002  0.42166001
Ace Val Met CTrp  0.11890000 -0.16986000 -0.12430000  0.11045000 -0.15851000  0.11651000  0.06623000 -0.07423000 -0.05944000  0.16408999 -0.07270000 -0.02769000  0.04941000  0.04941000 -0.03463000  0.06774000  0.91526002 -0.81907999 -0.81907999 -0.50203001  0.32615000 -0.02810000  0.16699000 -0.58138001  0.42096999
Ace Val Ash CTrp  0.11849000 -0.16873001 -0.12556000  0.11088000 -0.15666001  0.11676000  0.06571000 -0.07316000 -0.06260000  0.16116001 -0.07504000 -0.02584000  0.04782000  0.04782000 -0.03581000  0.07063000  0.91548002 -0.82036001 -0.82036001 -0.50677002  0.32708999 -0.02347000  0.16793001 -0.58007997  0.42083001
Ace Val Arg CTrp  0.12022000 -0.16728001 -0.12174000  0.11575000 -0.15323000  0.12142000  0.07233999 -0.07515000 -0.06923000  0.15204000 -0.09284000 -0.01369000  0.03843000  0.03843000 -0.04471000  0.07381000  0.91781002 -0.81436998 -0.81436998 -0.49941999  0.32837999 -0.00672000  0.16784000 -0.58376003  0.43184998
Ace Val Lys CTrp  0.12019000 -0.16621000 -0.12164000  0.11592000 -0.15236001  0.12125000  0.06974000 -0.07500000 -0.06745000  0.15311000 -0.08876000 -0.01712000  0.04364000  0.04364000 -0.03993000  0.07724000  0.91570002 -0.82025999 -0.82025999 -0.50334001  0.32341000 -0.01341000  0.16611999 -0.57972998  0.42864999
Ace Val Phe CTrp  0.11880000 -0.16861001 -0.12474000  0.11042000 -0.15729000  0.11671000  0.06454000 -0.07239000 -0.05912000  0.16418999 -0.07023000 -0.02434000  0.04674000  0.04674000 -0.03491000  0.07139000  0.91372001 -0.82195998 -0.82195998 -0.51160997  0.32315999 -0.03160000  0.16445000 -0.57894999  0.41870999
Ace Val Ile CTrp  0.11811000 -0.16864000 -0.12616999  0.11043000 -0.15616000  0.11670000  0.06541000 -0.07280000 -0.06214000  0.16080999 -0.07401000 -0.02244000  0.04454000  0.04454000 -0.03513000  0.07342000  0.91450000 -0.82283002 -0.82283002 -0.51326001  0.32404000 -0.02362000  0.16765000 -0.57959998  0.42030999
Ace Val Trp CTrp  0.11707000 -0.16862000 -0.12803000  0.11070000 -0.15435000  0.11714000  0.06573000 -0.07210000 -0.07026000  0.15301999 -0.08072000 -0.02089000  0.04426000  0.04426000 -0.03279000  0.07194000  0.91354001 -0.82388002 -0.82388002 -0.51172000  0.32317999 -0.01060000  0.17434000 -0.58103001  0.42293000
Ace Val Ala CTrp  0.11819000 -0.16966000 -0.12512000  0.11034000 -0.15767001  0.11613000  0.06514000 -0.07297000 -0.05885000  0.16440000 -0.07100000 -0.02769000  0.04760000  0.04760000 -0.03281000  0.06913000  0.91584003 -0.82121003 -0.82121003 -0.50746000  0.32493001 -0.02914000  0.16613001 -0.58007997  0.41925999
Ace Val Lyn CTrp  0.11791000 -0.16963001 -0.12587000  0.11060000 -0.15656000  0.11663000  0.06679000 -0.07355000 -0.06381000  0.15933000 -0.07628000 -0.02296000  0.04446000  0.04446000 -0.03439000  0.07033000  0.91553003 -0.82116002 -0.82116002 -0.50858003  0.32743999 -0.01904000  0.16964001 -0.58152002  0.42232999
Ace Val Hip CTrp  0.12209000 -0.16475999 -0.11885000  0.11799000 -0.15209000  0.12279000  0.07211000 -0.07656000 -0.06642000  0.15228000 -0.09189000 -0.01693000  0.04582000  0.04582000 -0.04571000  0.07667000  0.91833001 -0.81448001 -0.81448001 -0.49366000  0.32532001 -0.01584000  0.16295000 -0.58033001  0.43103999
Ace Val Hid CTrp  0.11857000 -0.16862001 -0.12498000  0.11051000 -0.15683000  0.11671000  0.06546000 -0.07244000 -0.05909000  0.16249999 -0.07248000 -0.02224000  0.04469000  0.04469000 -0.03665000  0.07014000  0.91622001 -0.82046002 -0.82046002 -0.50964999  0.32543999 -0.02689000  0.16512001 -0.57907999  0.41969001
