N0Asn Gln Val Nme  0.30971000 -0.67420000  0.30971000  0.66485000 -0.61382002 -0.20103000  0.07780000  0.07780000  0.12061000  0.09625000  0.66737002 -0.60648000 -0.90465999  0.36866000  0.36866000
N0Asn Ile Val Nme  0.30910000 -0.67348999  0.30910000  0.66425002 -0.61738998 -0.19460000  0.08216000  0.08216000  0.11178000  0.10022000  0.67104000 -0.62076002 -0.90583998  0.36526999  0.36526999
N0Asn Hid Val Nme  0.31127000 -0.67198002  0.31127000  0.65919000 -0.61975002 -0.20132001  0.08301000  0.08301000  0.12078000  0.09528000  0.66589999 -0.60450000 -0.90414000  0.37097001  0.37097001
N0Asn Hie Val Nme  0.30995000 -0.67488002  0.30995000  0.66100002 -0.61658001 -0.20232999  0.08105000  0.08105000  0.12034000  0.09865000  0.66843999 -0.61216002 -0.90233999  0.36772001  0.36772001
N0Asn Arg Val Nme  0.31288001 -0.66974002  0.31288001  0.66772997 -0.62115997 -0.19864000  0.07974000  0.07974000  0.12334000  0.09817000  0.65942001 -0.58614999 -0.91058999  0.37356999  0.37356999
N0Asn Asp Val Nme  0.30232999 -0.68746001  0.30232999  0.66229999 -0.61309999 -0.19777000  0.07972000  0.07972000  0.11300000  0.09281000  0.66891003 -0.63404000 -0.89744997  0.36015001  0.36015001
N0Asn Trp Val Nme  0.31073001 -0.67420000  0.31073001  0.65973997 -0.61681002 -0.20485000  0.08104000  0.08104000  0.12230000  0.09492000  0.66767001 -0.60689002 -0.90268999  0.37072000  0.37072000
N0Asn Phe Val Nme  0.31042999 -0.67293000  0.31042999  0.65982002 -0.61873001 -0.20051000  0.08293000  0.08293000  0.11931000  0.09497000  0.66811001 -0.61136001 -0.90254003  0.36912000  0.36912000
N0Asn Lyn Val Nme  0.30974001 -0.67526001  0.30974001  0.66307002 -0.61353999 -0.20025000  0.07909000  0.07909000  0.12043000  0.09533000  0.66757000 -0.60929000 -0.90460002  0.36859000  0.36859000
N0Asn Met Val Nme  0.31004000 -0.67461997  0.31004000  0.66376001 -0.61319000 -0.20099001  0.07897000  0.07897000  0.12223000  0.09548000  0.66942000 -0.61297000 -0.90634000  0.36925000  0.36925000
N0Asn Hip Val Nme  0.31852999 -0.66220999  0.31852999  0.66095001 -0.61962998 -0.20657000  0.08291000  0.08291000  0.12804000  0.09608000  0.65200001 -0.56931001 -0.91013998  0.37698999  0.37698999
N0Asn Ala Val Nme  0.30987001 -0.67356002  0.30987001  0.66233999 -0.61545002 -0.20077000  0.07860000  0.07860000  0.12138000  0.09470000  0.66935998 -0.61712998 -0.90334999  0.36842999  0.36842999
N0Asn Pro Val Nme  0.31424999 -0.67316002  0.31424999  0.65144998 -0.62447000 -0.19473000  0.08556000  0.08556000  0.12071000  0.09621000  0.68083000 -0.61936998 -0.90416002  0.36649001  0.36649001
N0Asn Tyr Val Nme  0.31083000 -0.67333001  0.31083000  0.65925002 -0.61846000 -0.20241000  0.08243000  0.08243000  0.12123000  0.09551000  0.66696000 -0.60841000 -0.90214002  0.36998001  0.36998001
N0Asn Gly Val Nme  0.30943001 -0.67492002  0.30943001  0.66649997 -0.61422002 -0.19755999  0.08048000  0.08048000  0.11430000  0.09583000  0.67057002 -0.61160999 -0.90441000  0.36493999  0.36493999
N0Asn Lys Val Nme  0.31514999 -0.66626000  0.31514999  0.66303998 -0.61839998 -0.20113000  0.08213000  0.08213000  0.12076000  0.09730000  0.66738999 -0.60312998 -0.90954000  0.37063000  0.37063000
N0Asn Leu Val Nme  0.31031000 -0.67259002  0.31031000  0.65928000 -0.61772001 -0.19912000  0.08252000  0.08252000  0.11890000  0.09673000  0.66728002 -0.61787999 -0.90513998  0.36930001  0.36930001
N0Asn Cys Val Nme  0.30983999 -0.67433000  0.30983999  0.66523999 -0.61319000 -0.20124000  0.07919000  0.07919000  0.12240000  0.09731000  0.67022997 -0.61382002 -0.90654999  0.36860001  0.36860001
N0Asn Ser Val Nme  0.30862001 -0.67637998  0.30862001  0.66716999 -0.61034000 -0.19742000  0.07911000  0.07911000  0.11667000  0.09907000  0.67190999 -0.62194002 -0.90671003  0.36539000  0.36539000
N0Asn Glh Val Nme  0.31033000 -0.67383999  0.31033000  0.66390002 -0.61346001 -0.20179001  0.07861000  0.07861000  0.12142000  0.09655000  0.66979998 -0.60759998 -0.90381998  0.36833000  0.36833000
N0Asn Cyx Val Nme  0.30766001 -0.67315000  0.30766001  0.67506999 -0.61521000 -0.19587000  0.07867000  0.07867000  0.10567000  0.10287000  0.67616999 -0.60924000 -0.90434998  0.36072999  0.36072999
N0Asn Thr Val Nme  0.30906999 -0.67540002  0.30906999  0.66461003 -0.61333001 -0.20129999  0.07781000  0.07781000  0.12265000  0.09743000  0.66663003 -0.60872000 -0.90380001  0.36787000  0.36787000
N0Asn Val Val Nme  0.30938000 -0.67348999  0.30938000  0.66400999 -0.61627000 -0.19693000  0.08118000  0.08118000  0.11466000  0.09762000  0.67126000 -0.61984002 -0.90609002  0.36647001  0.36647001
N0Asn Ash Val Nme  0.31064999 -0.67273998  0.31064999  0.65999001 -0.61694997 -0.20245001  0.08234000  0.08234000  0.12330000  0.09656000  0.67005998 -0.60415000 -0.90199000  0.37002999  0.37002999
N0Asn Glu Val Nme  0.30252999 -0.68447000  0.30252999  0.66430998 -0.58222002 -0.19677000  0.07042000  0.07042000  0.10635000  0.09503000  0.67514002 -0.64407003 -0.89635002  0.35245001  0.35245001
N0Asn Asn Val Nme  0.31003001 -0.67557001  0.31003001  0.66180998 -0.61536002 -0.20588000  0.08150000  0.08150000  0.12360000  0.09720000  0.67253000 -0.60183001 -0.90280002  0.37022999  0.37022999
