N0Lys Arg Val Nme  0.37314999 -0.90663999  0.12693000  0.01962000  0.64291000 -0.54629999 -0.07713000  0.06292000  0.06292000 -0.08211000  0.06705000  0.06705000 -0.10996000  0.06787000  0.06787000  0.09888000  0.11710000  0.11710000 -0.83965999  0.46355999  0.46355999  0.46355999  0.37314999
N0Lys Gln Val Nme  0.36425000 -0.89969999  0.11749000  0.01935000  0.65052998 -0.56457001 -0.07849000  0.06764000  0.06764000 -0.08088000  0.06191000  0.06191000 -0.11104000  0.07164000  0.07164000  0.09899000  0.11464000  0.11464000 -0.83963001  0.46193001  0.46193001  0.46193001  0.36425000
N0Lys Met Val Nme  0.36614001 -0.90281999  0.12011000  0.01782000  0.65618002 -0.56783998 -0.07983000  0.06624000  0.06624000 -0.07992000  0.06263000  0.06263000 -0.11259000  0.07142000  0.07142000  0.10024000  0.11496000  0.11496000 -0.83912999  0.46165001  0.46165001  0.46165001  0.36614001
N0Lys Cys Val Nme  0.36752999 -0.90469998  0.12052000  0.02332000  0.65306002 -0.56988001 -0.07892000  0.06376000  0.06376000 -0.07921000  0.06662000  0.06662000 -0.11291000  0.07051000  0.07051000  0.09998000  0.11536000  0.11536000 -0.83995002  0.46166000  0.46166000  0.46166000  0.36752999
N0Lys Ser Val Nme  0.36557001 -0.90665001  0.11783000  0.02198000  0.65697998 -0.57732999 -0.07786000  0.06725000  0.06725000 -0.08000000  0.06427000  0.06427000 -0.11246000  0.07119000  0.07119000  0.09920000  0.11497000  0.11497000 -0.83976001  0.46149001  0.46149001  0.46149001  0.36557001
N0Lys Glh Val Nme  0.36581999 -0.90662003  0.11962000  0.01490000  0.65833998 -0.56213999 -0.08055000  0.07303000  0.07303000 -0.08000000  0.05634000  0.05634000 -0.11208000  0.07413000  0.07413000  0.09933000  0.11377000  0.11377000 -0.83955997  0.46248001  0.46248001  0.46248001  0.36581999
N0Lys Thr Val Nme  0.36827001 -0.90641999  0.11846000  0.02786000  0.65294999 -0.58116001 -0.07620000  0.05728000  0.05728000 -0.08004000  0.07431000  0.07431000 -0.11288000  0.06724000  0.06724000  0.09996000  0.11631000  0.11631000 -0.84037000  0.46087000  0.46087000  0.46087000  0.36827001
N0Lys Pro Val Nme  0.35914999 -0.89750999  0.11471001  0.01994000  0.67137999 -0.56185001 -0.08023999  0.07775000  0.07775000 -0.07797999  0.05293000  0.05293000 -0.11263000  0.07511001  0.07511001  0.10036000  0.11232000  0.11232000 -0.84037000  0.46192000  0.46192000  0.46192000  0.35914999
N0Lys Hie Val Nme  0.36306000 -0.90165001  0.11765000  0.01793000  0.65403998 -0.56756997 -0.08093000  0.06939000  0.06939000 -0.07987000  0.06136000  0.06136000 -0.11291000  0.07246000  0.07246000  0.09963000  0.11397000  0.11397000 -0.83951002  0.46151999  0.46151999  0.46151999  0.36306000
N0Lys Hip Val Nme  0.37378001 -0.91241997  0.13162000  0.01441000  0.63155001 -0.52490002 -0.08211000  0.07010000  0.07010000 -0.07889000  0.06387000  0.06387000 -0.11320000  0.07370000  0.07370000  0.09945000  0.11594000  0.11594000 -0.83889002  0.46544999  0.46544999  0.46544999  0.37378001
N0Lys Cyx Val Nme  0.37022001 -0.90881997  0.11919000  0.02741000  0.66070998 -0.58333999 -0.07103000  0.05722000  0.05722000 -0.08551000  0.07946000  0.07946000 -0.11038000  0.06582000  0.06582000  0.10010000  0.11748000  0.11748000 -0.84025001  0.45991999  0.45991999  0.45991999  0.37022001
N0Lys Glu Val Nme  0.35925999 -0.90006000  0.10484000  0.02719000  0.65904999 -0.60847002 -0.07217000  0.05514000  0.05514000 -0.08232000  0.08069000  0.08069000 -0.11345000  0.06811000  0.06811000  0.10150000  0.11623000  0.11623000 -0.84148002  0.45752001  0.45752001  0.45752001  0.35925999
N0Lys Asp Val Nme  0.35286000 -0.89095998  0.10354000  0.02293000  0.66035002 -0.60154003 -0.08173000  0.07438000  0.07438000 -0.07916000  0.05279000  0.05279000 -0.11231000  0.07352000  0.07352000  0.09758000  0.11176000  0.11176000 -0.84004003  0.45782000  0.45782000  0.45782000  0.35286000
N0Lys Asn Val Nme  0.36476001 -0.90034997  0.11901000  0.01521000  0.65973002 -0.55241001 -0.08323000  0.07245000  0.07245000 -0.07897000  0.05614000  0.05614000 -0.11307000  0.07380000  0.07380000  0.09972000  0.11370000  0.11370000 -0.83982003  0.46206999  0.46206999  0.46206999  0.36476001
N0Lys Lyn Val Nme  0.36458999 -0.90131998  0.11845000  0.01469000  0.65645999 -0.56278002 -0.08186000  0.07156000  0.07156000 -0.07951000  0.05693000  0.05693000 -0.11261000  0.07347000  0.07347000  0.09980000  0.11408000  0.11408000 -0.83984000  0.46237999  0.46237999  0.46237999  0.36458999
N0Lys Gly Val Nme  0.36726001 -0.90538001  0.11750000  0.02389000  0.64644998 -0.56805003 -0.07586000  0.06011000  0.06011000 -0.08048000  0.07198000  0.07198000 -0.11259000  0.06814000  0.06814000  0.09981000  0.11642000  0.11642000 -0.83986998  0.46096000  0.46096000  0.46096000  0.36726001
N0Lys Val Val Nme  0.36443001 -0.90591002  0.11754000  0.01595000  0.65833998 -0.56992001 -0.08133000  0.07459000  0.07459000 -0.07976000  0.05564000  0.05564000 -0.11229000  0.07416000  0.07416000  0.09911000  0.11375000  0.11375000 -0.83973998  0.46222001  0.46222001  0.46222001  0.36443001
N0Lys Tyr Val Nme  0.36399001 -0.90490001  0.11671000  0.01472000  0.65543998 -0.55980003 -0.08115000  0.07404001  0.07404001 -0.07864000  0.05565000  0.05565000 -0.11313000  0.07425000  0.07425000  0.09937000  0.11371000  0.11371000 -0.83903003  0.46199000  0.46199000  0.46199000  0.36399001
N0Lys Ile Val Nme  0.36436001 -0.90613002  0.11787000  0.01605000  0.65643001 -0.56507999 -0.08207000  0.07446000  0.07446000 -0.07941000  0.05581000  0.05581000 -0.11286000  0.07435000  0.07435000  0.09992000  0.11358000  0.11358000 -0.84008002  0.46219000  0.46219000  0.46219000  0.36436001
N0Lys Lys Val Nme  0.36772001 -0.91170001  0.12424000  0.01556000  0.65126997 -0.55195999 -0.07902000  0.07145000  0.07145000 -0.07965000  0.06087000  0.06087000 -0.11266000  0.07364000  0.07364000  0.09991000  0.11496000  0.11496000 -0.83916998  0.46461001  0.46461001  0.46461001  0.36772001
N0Lys Ala Val Nme  0.36692000 -0.90424001  0.11915000  0.02155000  0.65359002 -0.57362002 -0.07838000  0.06236000  0.06236000 -0.07983000  0.06720000  0.06720000 -0.11296000  0.06978000  0.06978000  0.10027000  0.11544000  0.11544000 -0.84029001  0.46151999  0.46151999  0.46151999  0.36692000
N0Lys Trp Val Nme  0.36317000 -0.90293998  0.11741000  0.01414000  0.65399998 -0.55852002 -0.08248000  0.07313000  0.07313000 -0.07873000  0.05597000  0.05597000 -0.11339000  0.07427000  0.07427000  0.09962000  0.11363000  0.11363000 -0.83971000  0.46210000  0.46210000  0.46210000  0.36317000
N0Lys Ash Val Nme  0.36611000 -0.90328002  0.11983000  0.01891000  0.65490002 -0.55027002 -0.08316000  0.07266000  0.07266000 -0.07881000  0.05674000  0.05674000 -0.11321000  0.07386000  0.07386000  0.09961000  0.11412000  0.11412000 -0.83977997  0.46230999  0.46230999  0.46230999  0.36611000
N0Lys Phe Val Nme  0.36453000 -0.90375000  0.11700000  0.01533000  0.65612000 -0.56120002 -0.08187000  0.07384000  0.07384000 -0.07935000  0.05601000  0.05601000 -0.11321000  0.07428000  0.07428000  0.10041000  0.11351000  0.11351000 -0.84013998  0.46217999  0.46217999  0.46217999  0.36453000
N0Lys Leu Val Nme  0.36441001 -0.90700001  0.11588000  0.01449000  0.66004997 -0.57204998 -0.07882000  0.07504000  0.07504000 -0.07943000  0.05529000  0.05529000 -0.11274000  0.07382000  0.07382000  0.10019000  0.11376000  0.11376000 -0.83990997  0.46215001  0.46215001  0.46215001  0.36441001
N0Lys Hid Val Nme  0.36625001 -0.90456003  0.12190000  0.01519000  0.65517002 -0.55950999 -0.08408000  0.07328000  0.07328000 -0.07892000  0.05658000  0.05658000 -0.11367000  0.07419000  0.07419000  0.09978000  0.11385000  0.11385000 -0.83955997  0.46230999  0.46230999  0.46230999  0.36625001
