N0Lyn Hie Val Nme  0.36460000 -0.91073000  0.12043000  0.01897000  0.65727001 -0.58003998 -0.08090000  0.06141000  0.06141000 -0.07579000  0.04252000  0.04252000 -0.12242000  0.04051000  0.04051000  0.15034001  0.05147000  0.05147000 -0.90481001  0.34472001  0.34472001  0.36460000
N0Lyn Lyn Val Nme  0.36278000 -0.90660000  0.11787000  0.01910000  0.65518999 -0.57744998 -0.08019000  0.06257000  0.06257000 -0.07530000  0.04228000  0.04228000 -0.12332000  0.04230000  0.04230000  0.15118000  0.05087000  0.05087000 -0.90506000  0.34520000  0.34520000  0.36278000
N0Lyn Cys Val Nme  0.36050001 -0.90187001  0.11506000  0.02286000  0.65806001 -0.57856000 -0.07916000  0.06420000  0.06420000 -0.07564000  0.04171000  0.04171000 -0.12288000  0.04247000  0.04247000  0.15067001  0.05083000  0.05083000 -0.90430999  0.34514999  0.34514999  0.36050001
N0Lyn Arg Val Nme  0.36283001 -0.90096003  0.12242000  0.01746000  0.63893002 -0.54635000 -0.08098000  0.06524000  0.06524000 -0.07549000  0.04216000  0.04216000 -0.12475000  0.04400000  0.04400000  0.15364000  0.05090000  0.05090000 -0.90385997  0.34836000  0.34836000  0.36283001
N0Lyn Leu Val Nme  0.36485001 -0.90884000  0.12101000  0.01956000  0.65543002 -0.58265001 -0.08051000  0.06040000  0.06040000 -0.07580000  0.04266000  0.04266000 -0.12288000  0.04144000  0.04144000  0.15127000  0.05110000  0.05110000 -0.90543998  0.34558001  0.34558001  0.36485001
N0Lyn Asp Val Nme  0.35306001 -0.90938997  0.11198000  0.01937000  0.65622997 -0.60837001 -0.08701000  0.07606000  0.07606000 -0.07142000  0.03190000  0.03190000 -0.12270000  0.04868000  0.04868000  0.14647000  0.04543000  0.04543000 -0.90675998  0.34107000  0.34107000  0.35306001
N0Lyn Hip Val Nme  0.37152001 -0.90114999  0.12666000  0.02448000  0.63878000 -0.55106998 -0.07372000  0.05142000  0.05142000 -0.07990000  0.05028000  0.05028000 -0.12223000  0.03485000  0.03485000  0.15311000  0.05645000  0.05645000 -0.90209001  0.34784999  0.34784999  0.37152001
N0Lyn Ile Val Nme  0.36493000 -0.90915000  0.12082000  0.02059000  0.65592003 -0.58363003 -0.07979000  0.05908000  0.05908000 -0.07611000  0.04293000  0.04293000 -0.12278000  0.04128000  0.04128000  0.15084000  0.05130000  0.05130000 -0.90499997  0.34546000  0.34546000  0.36493000
N0Lyn Val Val Nme  0.36493000 -0.90890998  0.12040000  0.02071000  0.65582001 -0.58301997 -0.08005000  0.05894000  0.05894000 -0.07594000  0.04303000  0.04303000 -0.12270000  0.04140000  0.04140000  0.15054999  0.05139000  0.05139000 -0.90464002  0.34520999  0.34520999  0.36493000
N0Lyn Glh Val Nme  0.36278999 -0.90485001  0.11788000  0.02033000  0.65480000 -0.57213998 -0.08168000  0.06370000  0.06370000 -0.07534000  0.04172000  0.04172000 -0.12302000  0.04269000  0.04269000  0.15112001  0.05076000  0.05076000 -0.90530998  0.34553999  0.34553999  0.36278999
N0Lyn Hid Val Nme  0.36438000 -0.90667999  0.12192000  0.01731000  0.65411001 -0.56944001 -0.07912000  0.06099000  0.06099000 -0.07628000  0.04258000  0.04258000 -0.12215000  0.04100000  0.04100000  0.15085000  0.05100000  0.05100000 -0.90520001  0.34568000  0.34568000  0.36438000
N0Lyn Phe Val Nme  0.36374000 -0.90707999  0.11980000  0.01743000  0.65517998 -0.57243001 -0.07988000  0.06141000  0.06141000 -0.07622999  0.04268000  0.04268000 -0.12278000  0.04125000  0.04125000  0.15029000  0.05137000  0.05137000 -0.90421998  0.34498999  0.34498999  0.36374000
N0Lyn Ala Val Nme  0.35773000 -0.89727998  0.11193000  0.02084000  0.65886998 -0.58200002 -0.07905000  0.06485000  0.06485000 -0.07602000  0.04081000  0.04081000 -0.12256000  0.04275000  0.04275000  0.15049000  0.05053000  0.05053000 -0.90495002  0.34514001  0.34514001  0.35773000
N0Lyn Trp Val Nme  0.36544999 -0.91052002  0.12001000  0.01715000  0.65336001 -0.57208002 -0.07872000  0.05826000  0.05826000 -0.07661000  0.04384000  0.04384000 -0.12239000  0.03952000  0.03952000  0.15094000  0.05187000  0.05187000 -0.90502000  0.34518999  0.34518999  0.36544999
N0Lyn Gln Val Nme  0.36388001 -0.90775001  0.11948000  0.01912000  0.64762002 -0.56910002 -0.08182000  0.06252000  0.06252000 -0.07516000  0.04225000  0.04225000 -0.12325000  0.04283000  0.04283000  0.15135001  0.05080000  0.05080000 -0.90573001  0.34559000  0.34559000  0.36388001
N0Lyn Gly Val Nme  0.36612999 -0.91158003  0.12390000  0.01855000  0.64630002 -0.57194001 -0.08003000  0.06053000  0.06053000 -0.07559000  0.04295000  0.04295000 -0.12300000  0.04166000  0.04166000  0.15108000  0.05108000  0.05108000 -0.90552998  0.34540999  0.34540999  0.36612999
N0Lyn Ser Val Nme  0.36285999 -0.90456998  0.11919000  0.02241000  0.65684003 -0.58332998 -0.08112000  0.06115000  0.06115000 -0.07589000  0.04266000  0.04266000 -0.12274000  0.04176000  0.04176000  0.15063000  0.05119000  0.05119000 -0.90481001  0.34509000  0.34509000  0.36285999
N0Lyn Thr Val Nme  0.35990000 -0.90258998  0.11579000  0.02108000  0.65442002 -0.57923001 -0.08025000  0.06529000  0.06529000 -0.07552000  0.04094000  0.04094000 -0.12300000  0.04307000  0.04307000  0.15093000  0.05049000  0.05049000 -0.90525001  0.34498999  0.34498999  0.35990000
N0Lyn Ash Val Nme  0.36309999 -0.90456003  0.12139000  0.01708000  0.65487999 -0.56379998 -0.07973000  0.06431000  0.06431000 -0.07566000  0.04163000  0.04163000 -0.12269000  0.04252000  0.04252000  0.15071000  0.05060000  0.05060000 -0.90464002  0.34518999  0.34518999  0.36309999
N0Lyn Tyr Val Nme  0.36436000 -0.90880001  0.12041000  0.01688000  0.65461999 -0.57252997 -0.07904000  0.06140000  0.06140000 -0.07622000  0.04258000  0.04258000 -0.12306000  0.04143000  0.04143000  0.15155999  0.05082000  0.05082000 -0.90564001  0.34580001  0.34580001  0.36436000
N0Lyn Lys Val Nme  0.36985999 -0.90502000  0.12504999  0.02067000  0.64757001 -0.56461000 -0.07603000  0.05305000  0.05305000 -0.07873000  0.04895000  0.04895000 -0.12157000  0.03512000  0.03512000  0.15202001  0.05576000  0.05576000 -0.90332001  0.34632000  0.34632000  0.36985999
N0Lyn Pro Val Nme  0.36748999 -0.91693002  0.13291000  0.01869000  0.66834003 -0.57629001 -0.08135000  0.06086000  0.06086000 -0.07514000  0.04071000  0.04071000 -0.12287000  0.04186000  0.04186000  0.15026000  0.05080000  0.05080000 -0.90437001  0.34498999  0.34498999  0.36748999
N0Lyn Asn Val Nme  0.36199999 -0.90458000  0.11948000  0.01525000  0.65864998 -0.56388998 -0.08077000  0.06629000  0.06629000 -0.07529000  0.04020000  0.04020000 -0.12272000  0.04288000  0.04288000  0.15046001  0.05023000  0.05023000 -0.90473997  0.34490001  0.34490001  0.36199999
N0Lyn Met Val Nme  0.36181000 -0.90464998  0.11664000  0.01910000  0.65864998 -0.58011002 -0.07958000  0.06297000  0.06297000 -0.07555000  0.04230000  0.04230000 -0.12268000  0.04227000  0.04227000  0.15012000  0.05087000  0.05087000 -0.90351999  0.34457001  0.34457001  0.36181000
N0Lyn Cyx Val Nme  0.36443999 -0.90810001  0.12219000  0.02162000  0.65753001 -0.57896000 -0.08022000  0.06175000  0.06175000 -0.07520000  0.04315000  0.04315000 -0.12321000  0.04221000  0.04221000  0.15243000  0.05058000  0.05058000 -0.90741998  0.34621000  0.34621000  0.36443999
N0Lyn Glu Val Nme  0.35822001 -0.90513003  0.11018000  0.02057000  0.65701002 -0.59670001 -0.07928000  0.06216000  0.06216000 -0.07740000  0.04261000  0.04261000 -0.11970000  0.04006000  0.04006000  0.14663000  0.05156000  0.05156000 -0.90649998  0.34066001  0.34066001  0.35822001
