N0Ser Ser Val Nme  0.40540001 -0.58850998  0.09227000  0.03345000  0.03345000  0.10178000  0.08629000  0.67787999 -0.61255997 -0.89933997  0.36267999  0.36267999
N0Ser Lyn Val Nme  0.40663001 -0.59344000  0.08953000  0.03356000  0.03356000  0.10245000  0.08726000  0.67694998 -0.61334002 -0.89797998  0.36421999  0.36421999
N0Ser Cys Val Nme  0.40654999 -0.58977997  0.09199000  0.03400000  0.03400000  0.10292000  0.08535000  0.68294001 -0.61247999 -0.90039003  0.36311001  0.36311001
N0Ser Ala Val Nme  0.40518001 -0.59246999  0.08996000  0.03483000  0.03483000  0.10128000  0.08773000  0.67865998 -0.61475003 -0.90016002  0.36344999  0.36344999
N0Ser Glh Val Nme  0.40720999 -0.59298998  0.08848000  0.03484000  0.03484000  0.10292000  0.08916000  0.67730999 -0.61018997 -0.89993000  0.36495000  0.36495000
N0Ser Met Val Nme  0.40606999 -0.59065002  0.09268000  0.03416000  0.03416000  0.10163000  0.08252000  0.68308002 -0.61186999 -0.90010000  0.36263999  0.36263999
N0Ser Thr Val Nme  0.40452001 -0.59175002  0.08897000  0.03395000  0.03395000  0.10368000  0.08959000  0.67688000 -0.61781001 -0.89855999  0.36370999  0.36370999
N0Ser Val Val Nme  0.40457001 -0.58368999  0.09721000  0.03194000  0.03194000  0.09625000  0.08580000  0.68322003 -0.60943002 -0.90161002  0.35953000  0.35953000
N0Ser Hip Val Nme  0.42159000 -0.60181999  0.08521000  0.04403000  0.04403000  0.11059000  0.08773000  0.65869999 -0.57990002 -0.90573001  0.37314999  0.37314999
N0Ser Gln Val Nme  0.40606001 -0.59206998  0.08944000  0.03400000  0.03400000  0.10247000  0.08886000  0.67489999 -0.61141998 -0.89986003  0.36434999  0.36434999
N0Ser Phe Val Nme  0.40612999 -0.59031999  0.09078000  0.03458000  0.03458000  0.10165000  0.08481000  0.67543000 -0.59946001 -0.89857000  0.36309999  0.36309999
N0Ser Asn Val Nme  0.40632000 -0.58947003  0.08891000  0.03343000  0.03343000  0.10393000  0.08381000  0.67850000 -0.59518999 -0.89745998  0.36370000  0.36370000
N0Ser Trp Val Nme  0.40580001 -0.58671999  0.09432000  0.03300000  0.03300000  0.09679000  0.08564999  0.67673999 -0.60249001 -0.90226001  0.36048001  0.36048001
N0Ser Glu Val Nme  0.40142000 -0.57777000  0.09375000  0.02647000  0.02647000  0.09202000  0.08368000  0.67844999 -0.62787998 -0.89666998  0.35422999  0.35422999
N0Ser Gly Val Nme  0.40573999 -0.59065002  0.09211000  0.03335000  0.03335000  0.10097000  0.08725000  0.67479998 -0.61184001 -0.89969999  0.36309001  0.36309001
N0Ser Hid Val Nme  0.40665001 -0.58835000  0.09225000  0.03448000  0.03448000  0.09945000  0.08524000  0.67611003 -0.59930003 -0.90214998  0.36340001  0.36340001
N0Ser Ile Val Nme  0.40461999 -0.58403998  0.09656000  0.03215000  0.03215000  0.09634000  0.08560001  0.68320000 -0.61093002 -0.89994001  0.35938999  0.35938999
N0Ser Lys Val Nme  0.41564000 -0.59479999  0.09033000  0.04031000  0.04031000  0.10307000  0.08703000  0.66985000 -0.59587001 -0.90530002  0.36662999  0.36662999
N0Ser Pro Val Nme  0.40454999 -0.60407001  0.08930000  0.04198000  0.04198000  0.10694000  0.08721000  0.67988002 -0.61105001 -0.89705998  0.36614999  0.36614999
N0Ser Leu Val Nme  0.40410000 -0.58763999  0.09586000  0.03678000  0.03678000  0.09414000  0.08497000  0.67877000 -0.61009002 -0.90020001  0.36087000  0.36087000
N0Ser Cyx Val Nme  0.40465000 -0.58859003  0.08948000  0.03445000  0.03445000  0.10457000  0.08445000  0.67452002 -0.59649998 -0.89732999  0.36414999  0.36414999
N0Ser Asp Val Nme  0.39142001 -0.57771999  0.09573000  0.02230000  0.02230000  0.09661000  0.08712000  0.67453003 -0.64432001 -0.89270997  0.35405999  0.35405999
N0Ser Hie Val Nme  0.40520000 -0.58620000  0.09274000  0.03212000  0.03212000  0.09889000  0.08604000  0.67862999 -0.60970998 -0.89895999  0.36037001  0.36037001
N0Ser Tyr Val Nme  0.40671000 -0.58771998  0.09298000  0.03356000  0.03356000  0.09800000  0.08486000  0.67795002 -0.60417998 -0.89662999  0.36083001  0.36083001
N0Ser Arg Val Nme  0.40599999 -0.59884000  0.09044000  0.04283000  0.04283000  0.10359000  0.08447000  0.66838998 -0.58472001 -0.90296000  0.37055999  0.37055999
N0Ser Ash Val Nme  0.40805000 -0.59196001  0.08645000  0.03510000  0.03510000  0.10660000  0.08832000  0.67311001 -0.59873003 -0.89633000  0.36455000  0.36455000
