N0Thr Glu Val Nme  0.39831001 -0.58045000  0.10426000  0.02722000 -0.12091000  0.04817000  0.04817000  0.04817000  0.08736000  0.07701000  0.67251003 -0.62453002 -0.88945001  0.35755000  0.35755000
N0Thr Gln Val Nme  0.40355000 -0.59665000  0.10115000  0.05865000 -0.13113999  0.05142000  0.05142000  0.05142000  0.09755000  0.07576000  0.66724002 -0.59408998 -0.89389998  0.36509001  0.36509001
N0Thr Cyx Val Nme  0.39440000 -0.58105999  0.10484000  0.03181000 -0.09860000  0.05479000  0.05479000  0.05479000  0.07251000  0.07409000  0.67282999 -0.59342003 -0.89020997  0.36488000  0.36488000
N0Thr Trp Val Nme  0.40318000 -0.60491002  0.09924000  0.06212000 -0.13057999  0.05008000  0.05008000  0.05008000  0.10313000  0.07751000  0.66643000 -0.60479999 -0.89359999  0.36614999  0.36614999
N0Thr Tyr Val Nme  0.40419999 -0.60501999  0.10017000  0.06254000 -0.13054000  0.05034000  0.05034000  0.05034000  0.10240000  0.07884000  0.66630000 -0.60236001 -0.89365000  0.36603001  0.36603001
N0Thr Lys Val Nme  0.40505001 -0.59130001  0.09919000  0.05140000 -0.12906000  0.04616000  0.04616000  0.04616000  0.11223000  0.07770000  0.66434002 -0.58515000 -0.89323998  0.37395000  0.37395000
N0Thr Asp Val Nme  0.39258000 -0.61405999  0.10203000  0.05592000 -0.12795000  0.05875000  0.05875000  0.05875000  0.08594000  0.07826000  0.67488003 -0.63971001 -0.89362002  0.35374000  0.35374000
N0Thr Met Val Nme  0.40549001 -0.59705001  0.09858000  0.05004000 -0.13339999  0.04860000  0.04860000  0.04860000  0.11468000  0.07656000  0.67264003 -0.59986001 -0.89405000  0.36739999  0.36739999
N0Thr Ala Val Nme  0.40276000 -0.60044002  0.10201000  0.06131000 -0.12836000  0.05000000  0.05000000  0.05000000  0.09817000  0.07656000  0.67420000 -0.61023003 -0.89462000  0.36522001  0.36522001
N0Thr Glh Val Nme  0.40691998 -0.59095001  0.10013000  0.04767000 -0.13110000  0.04731000  0.04731000  0.04731000  0.10998000  0.07201000  0.67188000 -0.58604998 -0.88902998  0.36756000  0.36756000
N0Thr Ash Val Nme  0.40403000 -0.59978998  0.10098000  0.05801000 -0.12927000  0.05054000  0.05054000  0.05054000  0.10587000  0.07880000  0.66807997 -0.58873999 -0.89477998  0.36668000  0.36668000
N0Thr Ser Val Nme  0.40316001 -0.59684002  0.09847000  0.05369000 -0.12874000  0.04869000  0.04869000  0.04869000  0.10682000  0.07914000  0.67150003 -0.60688001 -0.89265001  0.36671001  0.36671001
N0Thr Pro Val Nme  0.40610999 -0.60975999  0.10018000  0.05523000 -0.12989000  0.04825000  0.04825000  0.04825000  0.11572000  0.08162000  0.68368000 -0.61298001 -0.89235997  0.36546999  0.36546999
N0Thr Hip Val Nme  0.40776000 -0.58864999  0.10008000  0.08010000 -0.12631000  0.04182000  0.04182000  0.04182000  0.10227000  0.07699000  0.65566999 -0.57247001 -0.89682001  0.37742001  0.37742001
N0Thr Lyn Val Nme  0.40279001 -0.60192001  0.10085000  0.06261000 -0.12858001  0.05094000  0.05094000  0.05094000  0.09728000  0.07720000  0.67366999 -0.60763002 -0.89594001  0.36577001  0.36577001
N0Thr Cys Val Nme  0.40426001 -0.59518999  0.09968000  0.05456000 -0.13004001  0.04924000  0.04924000  0.04924000  0.10706000  0.07626000  0.67127001 -0.59805000 -0.89436001  0.36759001  0.36759001
N0Thr Thr Val Nme  0.40597001 -0.59876001  0.09964000  0.05197000 -0.13429999  0.04933000  0.04933000  0.04933000  0.11111000  0.07988000  0.66929001 -0.60525000 -0.89124000  0.36506000  0.36506000
N0Thr Hid Val Nme  0.40503001 -0.60510999  0.10063000  0.06244000 -0.13061000  0.05065000  0.05065000  0.05065000  0.10273000  0.07922000  0.66589999 -0.59885001 -0.89322001  0.36623001  0.36623001
N0Thr Asn Val Nme  0.40073001 -0.60246003  0.10234000  0.06334000 -0.12654001  0.05310000  0.05310000  0.05310000  0.09224000  0.07706000  0.67343002 -0.59127999 -0.89508999  0.36464000  0.36464000
N0Thr Hie Val Nme  0.40123999 -0.60262001  0.10033000  0.06515000 -0.12673999  0.04975000  0.04975000  0.04975000  0.09606000  0.07701000  0.66744000 -0.60507000 -0.89438999  0.36576000  0.36576000
N0Thr Ile Val Nme  0.40443000 -0.59398001  0.09927000  0.04946000 -0.13403000  0.04800000  0.04800000  0.04800000  0.11047000  0.07427000  0.67056000 -0.59904998 -0.88940000  0.36701000  0.36701000
N0Thr Arg Val Nme  0.41262001 -0.59395999  0.09958000  0.04527000 -0.13348999  0.05277000  0.05277000  0.05277000  0.11276000  0.07441000  0.65737999 -0.56835997 -0.89837003  0.37191999  0.37191999
N0Thr Val Val Nme  0.40445000 -0.59508002  0.09924000  0.04998000 -0.13372999  0.04815000  0.04815000  0.04815000  0.11151000  0.07524000  0.67128998 -0.60189998 -0.89182001  0.36722001  0.36722001
N0Thr Phe Val Nme  0.40421000 -0.60595000  0.10149000  0.06297000 -0.13077000  0.05059000  0.05059000  0.05059000  0.10080000  0.07907000  0.66775000 -0.60404003 -0.89428997  0.36559001  0.36559001
N0Thr Gly Val Nme  0.40509000 -0.59252000  0.09948000  0.04492000 -0.13496000  0.04823000  0.04823000  0.04823000  0.11488000  0.07700000  0.66413998 -0.59215999 -0.89319003  0.36682001  0.36682001
N0Thr Leu Val Nme  0.40594000 -0.59737003  0.10077000  0.04442000 -0.13582000  0.04950000  0.04950000  0.04950000  0.10947000  0.08180000  0.67185003 -0.61001998 -0.88937002  0.36478999  0.36478999
