N0Trp Glu Val Nme  0.11922000 -0.15888999 -0.12436000  0.12123000 -0.13000000  0.13397001  0.07821000 -0.08248000 -0.09635000  0.12493000 -0.17305000 -0.03466000  0.05101000  0.05101000  0.09984000  0.07549000  0.67276001 -0.63310999 -0.90180999  0.35371000  0.03752000  0.18815000 -0.56843001  0.46460000  0.35371000
N0Trp Ash Val Nme  0.12932000 -0.15374000 -0.11405000  0.12994000 -0.14068000  0.13212000  0.07944000 -0.08622000 -0.09172000  0.12915000 -0.15662000 -0.04052000  0.06061000  0.06061000  0.11049000  0.07612000  0.67887998 -0.61052001 -0.90531999  0.36151001  0.02629000  0.17288999 -0.57830000  0.45263001  0.36151001
N0Trp Hip Val Nme  0.13485000 -0.14599000 -0.10770000  0.13861001 -0.13597000  0.13827001  0.08023000 -0.08851000 -0.09854000  0.12547000 -0.17580000 -0.03336000  0.06561000  0.06561000  0.10849000  0.08056000  0.66750002 -0.59552002 -0.91416001  0.36469999  0.02713000  0.16992000 -0.57503003  0.45899999  0.36469999
N0Trp Asn Val Nme  0.12830999 -0.15480000 -0.11478000  0.12896000 -0.14165001  0.13116000  0.07886000 -0.08588000 -0.09069000  0.12931999 -0.15380000 -0.03919000  0.05980000  0.05980000  0.10727000  0.07340000  0.68339002 -0.60567999 -0.90653002  0.36092999  0.02673000  0.17517000 -0.58012998  0.45197001  0.36092999
N0Trp Hid Val Nme  0.12899999 -0.15426999 -0.11347000  0.12971000 -0.14195000  0.13179999  0.08033000 -0.08672000 -0.09062000  0.12863000 -0.15299000 -0.03799000  0.06097000  0.06097000  0.10558000  0.07687000  0.67917001 -0.61546999 -0.90897000  0.36052000  0.02491000  0.17500000 -0.58247000  0.45328998  0.36052000
N0Trp Thr Val Nme  0.13004001 -0.15550999 -0.11235000  0.13019000 -0.14430000  0.13187000  0.07841000 -0.08797000 -0.08743000  0.13263001 -0.14745000 -0.04105000  0.05978000  0.05978000  0.10955000  0.07610000  0.67536002 -0.61833000 -0.90785003  0.36201999  0.01688000  0.17251000 -0.58437997  0.45387000  0.36201999
N0Trp Met Val Nme  0.13057999 -0.15572000 -0.11238000  0.13029000 -0.14548001  0.13176000  0.07616000 -0.08858000 -0.08668000  0.13555001 -0.15035001 -0.04019000  0.06069000  0.06069000  0.10823000  0.07469000  0.67712998 -0.62088001 -0.90864998  0.36140001  0.01773000  0.17303000 -0.58324999  0.45552999  0.36140001
N0Trp Gln Val Nme  0.13020000 -0.15343000 -0.11241000  0.13075000 -0.14145000  0.13326000  0.07832000 -0.08855000 -0.08971000  0.13080999 -0.15490000 -0.03984000  0.05864000  0.05864000  0.10676000  0.07923000  0.67368001 -0.62151003 -0.90458000  0.36153001  0.01900000  0.17321000 -0.58076000  0.45607001  0.36153001
N0Trp Asp Val Nme  0.12214000 -0.16042000 -0.12276000  0.11960000 -0.14522000  0.12451000  0.07451000 -0.07896000 -0.08583000  0.13335000 -0.13501000 -0.03933000  0.05247000  0.05247000  0.10093000  0.07291000  0.67180997 -0.64056998 -0.89964002  0.35512999  0.02775000  0.18106000 -0.58114999  0.44323000  0.35512999
N0Trp Arg Val Nme  0.13593000 -0.14994000 -0.11119000  0.13471000 -0.14490000  0.13278000  0.06970000 -0.08829000 -0.08796000  0.13738000 -0.13698000 -0.04629000  0.06434000  0.06434000  0.11481000  0.07766000  0.67114001 -0.60398001 -0.90728998  0.36809999  0.00457000  0.16948999 -0.58372998  0.44369000  0.36809999
N0Trp Gly Val Nme  0.12991001 -0.15522000 -0.11258000  0.13012999 -0.14386000  0.13183001  0.07865000 -0.08676000 -0.08842001  0.13292000 -0.15151000 -0.04009000  0.05762000  0.05762000  0.11084000  0.07275000  0.67442000 -0.61487001 -0.90548998  0.36210000  0.02055000  0.17262000 -0.58326000  0.45445001  0.36210000
N0Trp Cyx Val Nme  0.12828000 -0.15480000 -0.11408000  0.12926000 -0.13802999  0.13309001  0.08246000 -0.08339000 -0.09136000  0.12954000 -0.15657000 -0.03737000  0.05614000  0.05614000  0.11290000  0.07416000  0.68443000 -0.62450999 -0.90548998  0.36186999  0.01883000  0.17197999 -0.57688999  0.45675999  0.36186999
N0Trp Lyn Val Nme  0.13000999 -0.15436000 -0.11191000  0.13066999 -0.14262000  0.13297000  0.07903000 -0.08887000 -0.08852000  0.13089999 -0.15140000 -0.04088000  0.05936000  0.05936000  0.10769000  0.07744000  0.67532998 -0.61979997 -0.90601999  0.36160001  0.01847000  0.17276999 -0.58358997  0.45491001  0.36160001
N0Trp Ile Val Nme  0.12904000 -0.15437000 -0.11345000  0.12936001 -0.14225000  0.13123000  0.07966000 -0.08643000 -0.08975000  0.12887000 -0.15283000 -0.03706000  0.05953000  0.05953000  0.10521000  0.07797000  0.67804003 -0.62704998 -0.90796000  0.35914999  0.02502000  0.17542000 -0.58278000  0.45339000  0.35914999
N0Trp Lys Val Nme  0.13248000 -0.14958000 -0.11029000  0.13553000 -0.13770001  0.13659000  0.07956000 -0.08849000 -0.09574000  0.12684000 -0.16798000 -0.03608000  0.06379000  0.06379000  0.10868000  0.07763000  0.67150998 -0.60786998 -0.91224998  0.36285999  0.02591000  0.17197000 -0.57709998  0.45748001  0.36285999
N0Trp Ser Val Nme  0.13001999 -0.15531000 -0.11178000  0.12952000 -0.14511999  0.13122000  0.08001000 -0.08584000 -0.08626000  0.13680001 -0.14982000 -0.04083000  0.05967000  0.05967000  0.11034000  0.07178000  0.67936999 -0.61921000 -0.90842998  0.36179000  0.01550000  0.16907001 -0.58212000  0.45385000  0.36179000
N0Trp Glh Val Nme  0.13015000 -0.15349001 -0.11105000  0.13089000 -0.14084999  0.13355000  0.07876000 -0.08852000 -0.08981000  0.13332000 -0.15607999 -0.04100000  0.05857000  0.05857000  0.11108000  0.07425000  0.67887998 -0.61905998 -0.90491998  0.36258998  0.01547000  0.17133000 -0.57959998  0.45745999  0.36258998
N0Trp Phe Val Nme  0.12875000 -0.15457000 -0.11343000  0.12955000 -0.14177000  0.13134000  0.07992000 -0.08700000 -0.09018000  0.12863000 -0.15291999 -0.03725000  0.06036000  0.06036000  0.10436000  0.07684000  0.67856002 -0.61721998 -0.90966999  0.35982999  0.02471000  0.17567000 -0.58235001  0.45330000  0.35982999
N0Trp Leu Val Nme  0.13017000 -0.15494999 -0.11156000  0.13006000 -0.14360000  0.13223000  0.08037000 -0.08791000 -0.08715000  0.13314000 -0.14974999 -0.04361000  0.06242000  0.06242000  0.10561000  0.07560000  0.66948998 -0.61321002 -0.90188998  0.36170000  0.01491000  0.16912000 -0.58218002  0.45462000  0.36170000
N0Trp Pro Val Nme  0.13083001 -0.15346999 -0.11079000  0.13085000 -0.14282000  0.13281000  0.08210000 -0.08925000 -0.08842000  0.13239001 -0.14544999 -0.04501000  0.06014000  0.06014000  0.11773000  0.07418000  0.67745000 -0.61001003 -0.89964002  0.36497000  0.00708000  0.16392000 -0.58108002  0.45504001  0.36497000
N0Trp Trp Val Nme  0.12871000 -0.15404999 -0.11392000  0.12958001 -0.14102000  0.13172001  0.07969000 -0.08583000 -0.09100000  0.12857001 -0.15505999 -0.03721000  0.05888000  0.05888000  0.10454000  0.07549000  0.67734998 -0.62118000 -0.90860999  0.35949999  0.02656000  0.17414001 -0.57969999  0.45309001  0.35949999
N0Trp Hie Val Nme  0.12845001 -0.15452001 -0.11376000  0.12920000 -0.14074001  0.13136999  0.08029000 -0.08590000 -0.09041000  0.12873000 -0.15081000 -0.03978000  0.05899000  0.05899000  0.10691000  0.07539000  0.68058002 -0.62234998 -0.90609998  0.35918000  0.02255000  0.17240000 -0.57950997  0.45195001  0.35918000
N0Trp Cys Val Nme  0.12997000 -0.15604000 -0.11320000  0.13040000 -0.14234000  0.13267000  0.07969000 -0.08710000 -0.08937000  0.13321000 -0.15048000 -0.04171000  0.05961000  0.05961000  0.11279000  0.07549000  0.67824000 -0.62321001 -0.90798998  0.36284000  0.01767000  0.16981000 -0.57985997  0.45469001  0.36284000
N0Trp Tyr Val Nme  0.12861000 -0.15428001 -0.11391000  0.12953000 -0.14078000  0.13160001  0.07948000 -0.08601000 -0.09109000  0.12819999 -0.15414999 -0.03729000  0.06005000  0.06005000  0.10493000  0.07582000  0.67852998 -0.61691999 -0.90930003  0.36013001  0.02584000  0.17501000 -0.57998002  0.45262000  0.36013001
N0Trp Val Val Nme  0.12944999 -0.15442000 -0.11341000  0.12947001 -0.14273000  0.13128000  0.07935000 -0.08699000 -0.08921000  0.12997000 -0.15125000 -0.03805000  0.06059000  0.06059000  0.10363000  0.08096000  0.67461997 -0.62342000 -0.90878999  0.35927001  0.02284000  0.17448001 -0.58280998  0.45363000  0.35927001
N0Trp Ala Val Nme  0.12956000 -0.15486000 -0.11293000  0.12991001 -0.14348000  0.13169000  0.07884000 -0.08738000 -0.08897999  0.13020000 -0.15051000 -0.03881000  0.05918000  0.05918000  0.10696000  0.07636000  0.67742002 -0.62256998 -0.90763002  0.36065001  0.02201000  0.17440000 -0.58408999  0.45414001  0.36065001
