NAla Trp Val Nme  0.47056001 -0.83903998  0.03202000  0.12210000  0.65732002 -0.60891998 -0.13391000  0.08826000  0.08826000  0.08826000  0.47056001  0.47056001
NAla Asn Val Nme  0.46798000 -0.82872999  0.03248000  0.11914000  0.66184998 -0.57568002 -0.13367000  0.08880000  0.08880000  0.08880000  0.46798000  0.46798000
NAla Glh Val Nme  0.47117001 -0.83428002  0.03303000  0.12417999  0.64945000 -0.60215998 -0.13684000  0.09062000  0.09062000  0.09062000  0.47117001  0.47117001
NAla Cyx Val Nme  0.46946001 -0.83880001  0.04206000  0.12402000  0.64965999 -0.58671999 -0.13688999  0.09078000  0.09078000  0.09078000  0.46946001  0.46946001
NAla Lyn Val Nme  0.47079000 -0.83829999  0.03343000  0.11984000  0.64959001 -0.60303998 -0.13599000  0.09040000  0.09040000  0.09040000  0.47079000  0.47079000
NAla Tyr Val Nme  0.47119001 -0.83950001  0.03190000  0.12298000  0.65709001 -0.60057002 -0.13366000  0.08761000  0.08761000  0.08761000  0.47119001  0.47119001
NAla Met Val Nme  0.46946999 -0.83311999  0.03245000  0.11941000  0.65191001 -0.59569001 -0.13665000  0.09036000  0.09036000  0.09036000  0.46946999  0.46946999
NAla Pro Val Nme  0.46796000 -0.83687001  0.04364000  0.11498000  0.65679002 -0.59050000 -0.13322000  0.09123000  0.09123000  0.09123000  0.46796000  0.46796000
NAla Phe Val Nme  0.47082001 -0.83902002  0.03282000  0.12271000  0.65748000 -0.60007000 -0.13404000  0.08805000  0.08805000  0.08805000  0.47082001  0.47082001
NAla Leu Val Nme  0.46847999 -0.82819998  0.03263000  0.12496000  0.65513998 -0.60378999 -0.13483000  0.08765000  0.08765000  0.08765000  0.46847999  0.46847999
NAla Ash Val Nme  0.47086000 -0.83379001  0.03222000  0.12214000  0.66369998 -0.58256000 -0.13515000  0.08874000  0.08874000  0.08874000  0.47086000  0.47086000
NAla Ile Val Nme  0.46998000 -0.83424002  0.02921000  0.12314000  0.65415001 -0.60378999 -0.13567001  0.08809000  0.08809000  0.08809000  0.46998000  0.46998000
NAla Gln Val Nme  0.46915000 -0.83364999  0.03304000  0.12028000  0.65029001 -0.59391999 -0.13741000  0.09132000  0.09132000  0.09132000  0.46915000  0.46915000
NAla Val Val Nme  0.47027001 -0.83898997  0.03140000  0.12515000  0.65303999 -0.60303998 -0.13753000  0.08834000  0.08834000  0.08834000  0.47027001  0.47027001
NAla Hid Val Nme  0.47163999 -0.83885002  0.03297000  0.12382000  0.65866000 -0.59999001 -0.13397001  0.08807000  0.08807000  0.08807000  0.47163999  0.47163999
NAla Ala Val Nme  0.46779001 -0.82651001  0.02934000  0.12132000  0.65270001 -0.59420001 -0.13689999  0.08984000  0.08984000  0.08984000  0.46779001  0.46779001
NAla Gly Val Nme  0.47033000 -0.83529002  0.03337000  0.12141000  0.64791000 -0.59368998 -0.13625001  0.09000000  0.09000000  0.09000000  0.47033000  0.47033000
NAla Glu Val Nme  0.46425000 -0.83266997  0.02594000  0.12553000  0.65882999 -0.61905003 -0.13529000  0.08380000  0.08380000  0.08380000  0.46425000  0.46425000
NAla Hie Val Nme  0.47038001 -0.84017002  0.03199000  0.12394000  0.65945000 -0.60979998 -0.13392000  0.08721000  0.08721000  0.08721000  0.47038001  0.47038001
NAla Arg Val Nme  0.47343000 -0.83736998  0.03917999  0.11778999  0.64370000 -0.56612999 -0.13991000  0.09509000  0.09509000  0.09509000  0.47343000  0.47343000
NAla Asp Val Nme  0.45835000 -0.83881003  0.03937000  0.11486000  0.65767997 -0.64823997 -0.14432000  0.09272000  0.09272000  0.09272000  0.45835000  0.45835000
NAla Ser Val Nme  0.46827999 -0.83077001  0.03713000  0.12166000  0.65577001 -0.59794003 -0.13460000  0.08957000  0.08957000  0.08957000  0.46827999  0.46827999
NAla Thr Val Nme  0.46823001 -0.83285999  0.03991000  0.12146000  0.64938003 -0.60314000 -0.13636001  0.09122000  0.09122000  0.09122000  0.46823001  0.46823001
NAla Cys Val Nme  0.46833000 -0.82814002  0.03452000  0.12517001  0.65335000 -0.59761000 -0.13773000  0.09028000  0.09028000  0.09028000  0.46833000  0.46833000
NAla Hip Val Nme  0.47839999 -0.83869999  0.04103000  0.12990000  0.63976002 -0.55796999 -0.13241000  0.08798000  0.08798000  0.08798000  0.47839999  0.47839999
NAla Lys Val Nme  0.47488001 -0.83402997  0.03467000  0.13011000  0.64816999 -0.58679998 -0.13217001  0.08585000  0.08585000  0.08585000  0.47488001  0.47488001
