NArg Gln Val Nme  0.33518002 -0.49129999  0.33518002  0.53394997 -0.42623001  0.32091999  0.03311000  0.07657000  0.07657000 -0.10622000  0.06292000  0.06292000 -0.10885000  0.10349000  0.10349000  0.03177000  0.12458000  0.63624001 -0.57407999 -0.83465999  0.47411001  0.47411001  0.47411001 -0.49129999  0.33518002  0.33518002
NArg Pro Val Nme  0.33502999 -0.49248999  0.33502999  0.53303999 -0.42502999  0.32036999  0.03242000  0.07721000  0.07721000 -0.10504000  0.06060000  0.06060000 -0.10820000  0.10928000  0.10928000  0.03942000  0.11914000  0.64824999 -0.56927001 -0.84263998  0.47073999  0.47073999  0.47073999 -0.49248999  0.33502999  0.33502999
NArg Ile Val Nme  0.33529001 -0.49167001  0.33529001  0.53349000 -0.42675999  0.32089001  0.03223000  0.07825000  0.07825000 -0.10595000  0.05949000  0.05949000 -0.10914000  0.10890000  0.10890000  0.03243000  0.12330000  0.63479000 -0.57053000 -0.83554000  0.47125000  0.47125000  0.47125000 -0.49167001  0.33529001  0.33529001
NArg Gly Val Nme  0.33546001 -0.49154002  0.33546001  0.53372997 -0.42662001  0.32082000  0.03309000  0.07714000  0.07714000 -0.10585001  0.06139000  0.06139000 -0.10879000  0.10593000  0.10593000  0.03330000  0.12546000  0.63120001 -0.54523999 -0.83604998  0.47321001  0.47321001  0.47321001 -0.49154002  0.33546001  0.33546001
NArg Hid Val Nme  0.33524001 -0.49157000  0.33524001  0.53359002 -0.42645001  0.32065001  0.03239000  0.07820000  0.07820000 -0.10588000  0.05983000  0.05983000 -0.10979000  0.10855000  0.10855000  0.03320000  0.12300000  0.63683999 -0.56278998 -0.83424002  0.47231001  0.47231001  0.47231001 -0.49157000  0.33524001  0.33524001
NArg Arg Val Nme  0.33647001 -0.48853001  0.33647001  0.53568000 -0.42952001  0.32311002  0.03720000  0.07160000  0.07160000 -0.10864000  0.06745000  0.06745000 -0.10677000  0.09783000  0.09783000  0.03691000  0.13021000  0.63042999 -0.54965001 -0.83271003  0.47797999  0.47797999  0.47797999 -0.48853001  0.33647001  0.33647001
NArg Asn Val Nme  0.33515000 -0.49188000  0.33515000  0.53368998 -0.42570999  0.32029000  0.03202000  0.07738000  0.07738000 -0.10487000  0.06182000  0.06182000 -0.11209000  0.10481000  0.10481000  0.03394000  0.12498000  0.64785999 -0.57815999 -0.83460998  0.47400001  0.47400001  0.47400001 -0.49188000  0.33515000  0.33515000
NArg Leu Val Nme  0.33521000 -0.49184000  0.33521000  0.53301001 -0.42629001  0.32111999  0.03249000  0.07832000  0.07832000 -0.10588000  0.05933000  0.05933000 -0.10865000  0.10991000  0.10991000  0.03112000  0.12262000  0.63243997 -0.55805999 -0.83512998  0.47084999  0.47084999  0.47084999 -0.49184000  0.33521000  0.33521000
NArg Lys Val Nme  0.33642000 -0.48875999  0.33642000  0.53443003 -0.42802000  0.32404000  0.03324000  0.07384000  0.07384000 -0.10438000  0.07234000  0.07234000 -0.10543000  0.09944000  0.09944000  0.04074000  0.12504000  0.63031000 -0.56553000 -0.84051001  0.47386000  0.47386000  0.47386000 -0.48875999  0.33642000  0.33642000
NArg Val Val Nme  0.33522001 -0.49169999  0.33522001  0.53347999 -0.42636999  0.32111999  0.03218000  0.07801000  0.07801000 -0.10588000  0.05978000  0.05978000 -0.10853000  0.10869000  0.10869000  0.03162000  0.12326000  0.63406998 -0.56503999 -0.83557999  0.47099999  0.47099999  0.47099999 -0.49169999  0.33522001  0.33522001
NArg Tyr Val Nme  0.33522001 -0.49164999  0.33522001  0.53315997 -0.42618999  0.32146001  0.03184000  0.07801000  0.07801000 -0.10559000  0.05998000  0.05998000 -0.11060000  0.10760000  0.10760000  0.03000000  0.12258000  0.64336002 -0.58388001 -0.83337999  0.47249001  0.47249001  0.47249001 -0.49164999  0.33522001  0.33522001
NArg Ash Val Nme  0.33524999 -0.49178999  0.33524999  0.53380001 -0.42640000  0.32117999  0.03255000  0.07777000  0.07777000 -0.10550000  0.06104000  0.06104000 -0.11004000  0.10736000  0.10736000  0.03504000  0.12512000  0.64107001 -0.56193000 -0.83486998  0.47332999  0.47332999  0.47332999 -0.49178999  0.33524999  0.33524999
NArg Hip Val Nme  0.33807001 -0.48500001  0.33807001  0.53504002 -0.43478000  0.32071000  0.03612000  0.07729000  0.07729000 -0.10845000  0.06291000  0.06291000 -0.11290000  0.10692000  0.10692000  0.04554000  0.12412000  0.62836999 -0.55357999 -0.83574998  0.47714001  0.47714001  0.47714001 -0.48500001  0.33807001  0.33807001
NArg Lyn Val Nme  0.33521000 -0.49232000  0.33521000  0.53450000 -0.42592999  0.32194000  0.03300000  0.07734000  0.07734000 -0.10681000  0.06063000  0.06063000 -0.10752000  0.10569000  0.10569000  0.03172000  0.12489000  0.63913000 -0.57620001 -0.83588999  0.47283000  0.47283000  0.47283000 -0.49232000  0.33521000  0.33521000
NArg Hie Val Nme  0.33498999 -0.49155000  0.33498999  0.53333002 -0.42618999  0.32043001  0.03162000  0.07803999  0.07803999 -0.10544000  0.06027000  0.06027000 -0.11163000  0.10625000  0.10625000  0.03137000  0.12459000  0.64657002 -0.59206999 -0.83336997  0.47218001  0.47218001  0.47218001 -0.49155000  0.33498999  0.33498999
NArg Glh Val Nme  0.33548000 -0.49096999  0.33548000  0.53308999 -0.42684001  0.32111001  0.03268000  0.07742000  0.07742000 -0.10618000  0.06186000  0.06186000 -0.10782000  0.10480000  0.10480000  0.02989000  0.12533000  0.64074999 -0.57451999 -0.83314002  0.47328999  0.47328999  0.47328999 -0.49096999  0.33548000  0.33548000
NArg Phe Val Nme  0.33520001 -0.49215001  0.33520001  0.53341001 -0.42611000  0.32110000  0.03239000  0.07830000  0.07830000 -0.10576000  0.05883000  0.05883000 -0.10847000  0.10985000  0.10985000  0.03097000  0.12279000  0.63236999 -0.55219001 -0.83629000  0.47113001  0.47113001  0.47113001 -0.49215001  0.33520001  0.33520001
NArg Asp Val Nme  0.33085999 -0.50006002  0.33085999  0.53033000 -0.41270000  0.32227999  0.02329000  0.07633000  0.07633000 -0.10106000  0.06071000  0.06071000 -0.11375000  0.09788000  0.09788000  0.03591000  0.11345000  0.64612001 -0.61193001 -0.89635998  0.45440000  0.45440000  0.45440000 -0.50006002  0.33085999  0.33085999
NArg Ser Val Nme  0.33508000 -0.49132001  0.33508000  0.53347999 -0.42629999  0.32097000  0.03273000  0.07721000  0.07721000 -0.10621000  0.06226000  0.06226000 -0.10885000  0.10534000  0.10534000  0.03432000  0.12610001  0.63883001 -0.59025001 -0.83437002  0.47275999  0.47275999  0.47275999 -0.49132001  0.33508000  0.33508000
NArg Cyx Val Nme  0.33513001 -0.49149001  0.33513001  0.53334999 -0.42605999  0.32003999  0.03286000  0.07770000  0.07770000 -0.10545000  0.06154000  0.06154000 -0.11106000  0.10594000  0.10594000  0.03552000  0.12733001  0.64122999 -0.58934998 -0.83433002  0.47340000  0.47340000  0.47340000 -0.49149001  0.33513001  0.33513001
NArg Trp Val Nme  0.33515999 -0.49178001  0.33515999  0.53333002 -0.42601001  0.32102999  0.03266000  0.07767000  0.07767000 -0.10573000  0.06042000  0.06042000 -0.10895000  0.10534000  0.10534000  0.02828000  0.12327000  0.63900000 -0.59170002 -0.83354998  0.47251999  0.47251999  0.47251999 -0.49178001  0.33515999  0.33515999
NArg Thr Val Nme  0.33509001 -0.49120000  0.33509001  0.53321999 -0.42618999  0.32132000  0.03281000  0.07649000  0.07649000 -0.10622000  0.06252000  0.06252000 -0.10904000  0.10286000  0.10286000  0.03069000  0.12825000  0.64078999 -0.58183003 -0.83341003  0.47384000  0.47384000  0.47384000 -0.49120000  0.33509001  0.33509001
NArg Cys Val Nme  0.33548000 -0.49114001  0.33548000  0.53328001 -0.42657000  0.32161999  0.03285000  0.07702000  0.07702000 -0.10629000  0.06248000  0.06248000 -0.10811000  0.10444000  0.10444000  0.03301000  0.12667000  0.63832998 -0.58195001 -0.83394998  0.47362000  0.47362000  0.47362000 -0.49114001  0.33548000  0.33548000
NArg Met Val Nme  0.33531001 -0.49116999  0.33531001  0.53301000 -0.42647001  0.32154000  0.03274000  0.07701000  0.07701000 -0.10638000  0.06192000  0.06192000 -0.10761000  0.10454000  0.10454000  0.03074000  0.12517001  0.63834000 -0.58460999 -0.83350003  0.47325000  0.47325000  0.47325000 -0.49116999  0.33531001  0.33531001
NArg Ala Val Nme  0.33526999 -0.49129000  0.33526999  0.53301001 -0.42585000  0.32205999  0.03236000  0.07669000  0.07669000 -0.10673000  0.06255000  0.06255000 -0.10785000  0.10377000  0.10377000  0.02962000  0.12564001  0.63949001 -0.58499998 -0.83346999  0.47308999  0.47308999  0.47308999 -0.49129000  0.33526999  0.33526999
NArg Glu Val Nme  0.33267999 -0.49768001  0.33267999  0.53043997 -0.41874999  0.31784001  0.02632000  0.08247000  0.08247000 -0.10347999  0.05334000  0.05334000 -0.11340000  0.11475000  0.11475000  0.01498000  0.11225000  0.65627003 -0.56792003 -0.83573997  0.46772999  0.46772999  0.46772999 -0.49768001  0.33267999  0.33267999
