NAsp Asp Val Nme  0.46362999 -0.83151001  0.05847000  0.11642000  0.64855999 -0.63606000 -0.23647000  0.07933000  0.07933000  0.89529002 -0.81888002 -0.81888002  0.46362999  0.46362999
NAsp Ala Val Nme  0.47071001 -0.86817002  0.08096000  0.11271000  0.64248001 -0.62791997 -0.24731000  0.07902000  0.07902000  0.90688002 -0.79082000 -0.79082000  0.47071001  0.47071001
NAsp Gly Val Nme  0.42846000 -1.02595997  0.08937000  0.09345000  0.62896001 -0.61435002 -0.19966000  0.08488000  0.08488000  0.89431000 -0.64991999 -0.64991999  0.42846000  0.42846000
NAsp Ser Val Nme  0.46515000 -0.84904999  0.07155000  0.13337999  0.64197999 -0.62830001 -0.25229001  0.08085000  0.08085000  0.89664000 -0.79373998 -0.79373998  0.46515000  0.46515000
NAsp Ash Val Nme  0.47198999 -0.86013001  0.08175000  0.11734000  0.64039999 -0.60677999 -0.25147000  0.08145000  0.08145000  0.90063000 -0.79403001 -0.79403001  0.47198999  0.47198999
NAsp Leu Val Nme  0.46485001 -0.85771000  0.07604000  0.12841999  0.63112003 -0.59478998 -0.24473000  0.08308000  0.08308000  0.90318000 -0.79535002 -0.79535002  0.46485001  0.46485001
NAsp Glu Val Nme  0.46491000 -0.87641000  0.06372001  0.10816000  0.64857000 -0.64560002 -0.23328000  0.08504001  0.08504001  0.89782000 -0.79635000 -0.79635000  0.46491000  0.46491000
NAsp Ile Val Nme  0.43269000 -1.00636005  0.08590000  0.09506000  0.63379002 -0.61036002 -0.20218000  0.08736000  0.08736000  0.89578998 -0.67157000 -0.67157000  0.43269000  0.43269000
NAsp Cyx Val Nme  0.46709999 -0.83146000  0.06561000  0.14077000  0.65047002 -0.60879999 -0.25610000  0.08228000  0.08228000  0.89076000 -0.80233997 -0.80233997  0.46709999  0.46709999
NAsp Hie Val Nme  0.46840000 -0.83307999  0.07913000  0.11349000  0.64026999 -0.62089998 -0.25338000  0.08081000  0.08081000  0.90223998 -0.80497998 -0.80497998  0.46840000  0.46840000
NAsp Trp Val Nme  0.46779001 -0.83533001  0.08015000  0.11550000  0.63098002 -0.60434002 -0.25211000  0.08248000  0.08248000  0.90025997 -0.80513000 -0.80513000  0.46779001  0.46779001
NAsp Met Val Nme  0.46704000 -0.83103001  0.05994000  0.14477000  0.64930999 -0.62603003 -0.25716001  0.07756000  0.07756000  0.89160001 -0.79775000 -0.79775000  0.46704000  0.46704000
NAsp Asn Val Nme  0.47112000 -0.87035000  0.07666000  0.11384000  0.64594001 -0.61023998 -0.24682000  0.08056000  0.08056000  0.90227002 -0.78858000 -0.78858000  0.47112000  0.47112000
NAsp Phe Val Nme  0.46836000 -0.83502001  0.08298000  0.11597000  0.63317001 -0.61005998 -0.25461999  0.08216000  0.08216000  0.90196001 -0.80448997 -0.80448997  0.46836000  0.46836000
NAsp Thr Val Nme  0.46555000 -0.83319998  0.06860000  0.14269000  0.64398002 -0.62896001 -0.25733000  0.07819000  0.07819000  0.89085001 -0.79672998 -0.79672998  0.46555000  0.46555000
NAsp Glh Val Nme  0.47167999 -0.86619002  0.07760000  0.11493000  0.64568001 -0.62299001 -0.24777000  0.07914000  0.07914000  0.90371001 -0.78999001 -0.78999001  0.47167999  0.47167999
NAsp Hid Val Nme  0.46972001 -0.83314001  0.08011000  0.11522000  0.63800001 -0.61615997 -0.25571000  0.08026000  0.08026000  0.90490002 -0.80304003 -0.80304003  0.46972001  0.46972001
NAsp Pro Val Nme  0.46371001 -0.83032000  0.06796000  0.14264999  0.65718001 -0.61528999 -0.25428000  0.07782000  0.07782000  0.89725000 -0.80325002 -0.80325002  0.46371001  0.46371001
NAsp Hip Val Nme  0.46748000 -0.83285999  0.07797000  0.14757000  0.62787998 -0.61729002 -0.27434000  0.08468000  0.08468000  0.90587002 -0.78649998 -0.78649998  0.46748000  0.46748000
NAsp Lyn Val Nme  0.47106999 -0.84131002  0.07952000  0.11601000  0.64328998 -0.62693000 -0.25426000  0.07903000  0.07903000  0.90306002 -0.80207002 -0.80207002  0.47106999  0.47106999
NAsp Lys Val Nme  0.46985000 -0.84937000  0.07671000  0.13744999  0.63424998 -0.62538999 -0.26565001  0.08361000  0.08361000  0.89959001 -0.78818000 -0.78818000  0.46985000  0.46985000
NAsp Tyr Val Nme  0.46913999 -0.83477998  0.08033000  0.11558000  0.63506001 -0.61179000 -0.25479001  0.08150000  0.08150000  0.90226000 -0.80370998 -0.80370998  0.46913999  0.46913999
NAsp Gln Val Nme  0.46867001 -0.83283001  0.06390000  0.14233000  0.64741999 -0.62154001 -0.25553000  0.07829000  0.07829000  0.89127999 -0.80085999 -0.80085999  0.46867001  0.46867001
NAsp Arg Val Nme  0.46988999 -0.83850998  0.07218000  0.14917999  0.63375002 -0.58787001 -0.26718000  0.07440000  0.07440000  0.89517998 -0.78948999 -0.78948999  0.46988999  0.46988999
NAsp Val Val Nme  0.46991000 -0.84887999  0.08474000  0.10883000  0.63454002 -0.60707998 -0.25099999  0.08235000  0.08235000  0.90411001 -0.80159003 -0.80159003  0.46991000  0.46991000
NAsp Cys Val Nme  0.47229999 -0.86892998  0.08030000  0.11776000  0.64455003 -0.63322002 -0.24808000  0.07897000  0.07897000  0.90130001 -0.78889000 -0.78889000  0.47229999  0.47229999
