NCys Gln Val Nme  0.18267000 -0.23929000 -0.07869000  0.12052000  0.12052000  0.03423000  0.12809999  0.65575999 -0.59871000 -0.83521998  0.47422999  0.47422999  0.47422999
NCys Glu Val Nme  0.21876000 -0.32074001 -0.06053000  0.12876000  0.12876000  0.01825000  0.12602000  0.65590000 -0.61725998 -0.83341998  0.47165999  0.47165999  0.47165999
NCys Asp Val Nme  0.21186000 -0.34700999 -0.05759000  0.14853000  0.14853000  0.03468000  0.11855000  0.65555000 -0.64635003 -0.84384001  0.46639999  0.46639999  0.46639999
NCys Ala Val Nme  0.21911000 -0.29381999 -0.06823000  0.12363000  0.12363000  0.03776000  0.12511000  0.65074998 -0.59833998 -0.83306003  0.47448000  0.47448000  0.47448000
NCys Hip Val Nme  0.21128001 -0.24749000 -0.07467000  0.11583000  0.11583000  0.03823000  0.13364001  0.64055002 -0.55711001 -0.84232002  0.48205999  0.48205999  0.48205999
NCys Ash Val Nme  0.20484001 -0.27785998 -0.06962000  0.12556000  0.12556000  0.03862000  0.12689001  0.65846002 -0.58446002 -0.83494001  0.47470999  0.47470999  0.47470999
NCys Lyn Val Nme  0.18309000 -0.24201000 -0.07635000  0.12386000  0.12386000  0.03122000  0.12372000  0.65671003 -0.59855998 -0.84117001  0.47476000  0.47476000  0.47476000
NCys Cyx Val Nme  0.20565000 -0.25779000 -0.07208000  0.11492000  0.11492000  0.04030000  0.13204999  0.65240997 -0.59012002 -0.84011000  0.47466999  0.47466999  0.47466999
NCys Tyr Val Nme  0.22282000 -0.30019000 -0.06556000  0.12514999  0.12514999  0.03441000  0.12393000  0.65310001 -0.59489000 -0.84026998  0.47600001  0.47600001  0.47600001
NCys Asn Val Nme  0.21805000 -0.29609001 -0.06638000  0.12488000  0.12488000  0.03707000  0.12431000  0.65977001 -0.58477998 -0.83340001  0.47465000  0.47465000  0.47465000
NCys Arg Val Nme  0.18909000 -0.22702000 -0.08376000  0.12111000  0.12111000  0.04198000  0.12487000  0.64379000 -0.56546998 -0.83682001  0.47709000  0.47709000  0.47709000
NCys Hie Val Nme  0.21228000 -0.29040000 -0.07163000  0.13100999  0.13100999  0.02917000  0.12264000  0.65915000 -0.60241997 -0.84024000  0.47503000  0.47503000  0.47503000
NCys Pro Val Nme  0.22183999 -0.31215000 -0.06047000  0.12771000  0.12771000  0.04858000  0.12470000  0.66052997 -0.59632999 -0.84083003  0.47299001  0.47299001  0.47299001
NCys Cys Val Nme  0.23205000 -0.30679000 -0.06472000  0.11968000  0.11968000  0.04358000  0.12860000  0.65140003 -0.59715998 -0.83530998  0.47547001  0.47547001  0.47547001
NCys Hid Val Nme  0.20492999 -0.27410999 -0.07172000  0.12795000  0.12795000  0.03087000  0.12351000  0.65369999 -0.59096998 -0.84142000  0.47604000  0.47604000  0.47604000
NCys Trp Val Nme  0.22218999 -0.30044001 -0.06522000  0.12374000  0.12374000  0.03312000  0.12362000  0.65403998 -0.59644997 -0.84091997  0.47595000  0.47595000  0.47595000
NCys Met Val Nme  0.20678000 -0.28180999 -0.07256000  0.13000999  0.13000999  0.03249000  0.12197999  0.64972001 -0.60134000 -0.82897002  0.47488001  0.47488001  0.47488001
NCys Ser Val Nme  0.22319000 -0.29431000 -0.06571000  0.11726000  0.11726000  0.04556000  0.12916000  0.65415001 -0.60369003 -0.84535003  0.47590000  0.47590000  0.47590000
NCys Val Val Nme  0.23988000 -0.31398001 -0.06103000  0.11329000  0.11329000  0.04124000  0.12647000  0.65736997 -0.60371000 -0.83871001  0.47580001  0.47580001  0.47580001
NCys Lys Val Nme  0.22155000 -0.28277001 -0.06587000  0.11440000  0.11440000  0.04305000  0.13195001  0.64622998 -0.58525997 -0.83723002  0.47948000  0.47948000  0.47948000
NCys Ile Val Nme  0.22455999 -0.29598001 -0.06571000  0.11781000  0.11781000  0.03769000  0.12706999  0.65666002 -0.60482002 -0.83942998  0.47560000  0.47560000  0.47560000
NCys Thr Val Nme  0.18126000 -0.24048001 -0.07722000  0.12642001  0.12642001  0.03474000  0.12441000  0.65230000 -0.59798998 -0.84143001  0.47389999  0.47389999  0.47389999
NCys Glh Val Nme  0.19481000 -0.25319001 -0.07463000  0.11883000  0.11883000  0.03508000  0.12915000  0.65618998 -0.59412998 -0.83328003  0.47442001  0.47442001  0.47442001
NCys Gly Val Nme  0.16870999 -0.21965000 -0.08255000  0.12329000  0.12329000  0.03210000  0.12811001  0.65095001 -0.59860998 -0.83898002  0.47422999  0.47422999  0.47422999
NCys Leu Val Nme  0.20869000 -0.27625999 -0.07045000  0.11970000  0.11970000  0.03534000  0.12983000  0.65619999 -0.60338998 -0.83951002  0.47509000  0.47509000  0.47509000
NCys Phe Val Nme  0.22448000 -0.30333999 -0.06521000  0.12310000  0.12310000  0.03719000  0.12860000  0.65333003 -0.59807998 -0.84148002  0.47576001  0.47576001  0.47576001
