NHid Hip Val Nme  0.09593000  0.45422000 -0.31294998  0.31184000 -0.36837000  0.00102000  0.08926000  0.08926000  0.03257000  0.13255000  0.63612998 -0.55236000 -0.82424998  0.47718999  0.47718999  0.47718999  0.35733000  0.05551000 -0.63361001
NHid Val Val Nme  0.08739000  0.43665001 -0.31230000  0.31448001 -0.33554000 -0.01287000  0.10127999  0.10127999  0.02908000  0.12775999  0.64771998 -0.60531998 -0.82296997  0.47007000  0.47007000  0.47007000  0.33495000  0.05328000 -0.64282000
NHid Ser Val Nme  0.08666000  0.43937999 -0.31806001  0.31252000 -0.33906001 -0.01433000  0.10396000  0.10396000  0.02868000  0.12493000  0.64855999 -0.60198998 -0.82586998  0.47165000  0.47165000  0.47165000  0.34638000  0.05650000 -0.64472002
NHid Ash Val Nme  0.08634001  0.43708000 -0.31025001  0.31520000 -0.33724999 -0.01404000  0.10618000  0.10618000  0.03041000  0.12728000  0.65230000 -0.58416998 -0.82583999  0.47130999  0.47130999  0.47130999  0.33460999  0.05157000 -0.64195001
NHid Asn Val Nme  0.08545000  0.43465001 -0.30748999  0.31669000 -0.33599999 -0.01449000  0.10475000  0.10475000  0.02705000  0.12601000  0.65660000 -0.57850999 -0.82635999  0.47105000  0.47105000  0.47105000  0.33118999  0.05090000 -0.64208001
NHid Pro Val Nme  0.08620000  0.43672001 -0.31612000  0.30985001 -0.32473001 -0.01273000  0.10141000  0.10141000  0.03669000  0.12266000  0.65814000 -0.58406001 -0.82558000  0.46895000  0.46895000  0.46895000  0.33713001  0.05077000 -0.64468002
NHid Asp Val Nme  0.07586000  0.41040999 -0.32304999  0.30982000 -0.28893000 -0.03642000  0.12942999  0.12942999  0.03388000  0.12055000  0.64779001 -0.64871001 -0.82775003  0.46184000  0.46184000  0.46184000  0.31632000  0.05458000 -0.65639001
NHid Ile Val Nme  0.08734000  0.43764001 -0.31286001  0.31499002 -0.33803999 -0.01265000  0.10092000  0.10092000  0.03015000  0.12721001  0.64937002 -0.60804999 -0.82915002  0.47062999  0.47062999  0.47062999  0.33827999  0.05295000 -0.64296001
NHid Hie Val Nme  0.08587000  0.43460000 -0.31538999  0.31215999 -0.33449000 -0.01376000  0.10401000  0.10401000  0.02591000  0.12617999  0.65456998 -0.60088003 -0.82437998  0.46987000  0.46987000  0.46987000  0.33915001  0.05379000 -0.64284998
NHid Gln Val Nme  0.08772000  0.43825001 -0.31793001  0.31342000 -0.33546999 -0.01426000  0.10558000  0.10558000  0.03275000  0.12445000  0.64504999 -0.60389000 -0.83271998  0.47136000  0.47136000  0.47136000  0.34125999  0.05392000 -0.64336002
NHid Cys Val Nme  0.08678000  0.43799999 -0.31448001  0.31373000 -0.33662000 -0.01362000  0.10468000  0.10468000  0.02950000  0.12741999  0.64515001 -0.59880000 -0.82786000  0.47152999  0.47152999  0.47152999  0.34059000  0.05472000 -0.64286000
NHid Phe Val Nme  0.08626000  0.43607000 -0.30855000  0.31485999 -0.33695000 -0.01297000  0.10140000  0.10140000  0.02562000  0.12831000  0.64968002 -0.59513002 -0.82423001  0.47070000  0.47070000  0.47070000  0.33368999  0.05247000 -0.64133000
NHid Lys Val Nme  0.09231000  0.44898000 -0.31349999  0.31233001 -0.35758999 -0.00440000  0.09059000  0.09059000  0.02997000  0.13236000  0.64352000 -0.58284998 -0.82713997  0.47599000  0.47599000  0.47599000  0.35235000  0.05490000 -0.63591999
NHid Hid Val Nme  0.08662001  0.43800000 -0.31439998  0.31323999 -0.33855998 -0.01265000  0.10309001  0.10309001  0.02790000  0.12330000  0.64852000 -0.58691001 -0.82506001  0.47167999  0.47167999  0.47167999  0.34220001  0.05461000 -0.64416998
NHid Leu Val Nme  0.08601000  0.43794000 -0.31194002  0.31330001 -0.33880001 -0.01360000  0.10167000  0.10167000  0.02642000  0.12870000  0.64748001 -0.60143000 -0.82676000  0.47150001  0.47150001  0.47150001  0.34219000  0.05324000 -0.64257997
NHid Thr Val Nme  0.08649000  0.43764001 -0.31997001  0.31121999 -0.33316001 -0.01563000  0.10837000  0.10837000  0.03094000  0.12142000  0.64599001 -0.60338002 -0.82747000  0.47102001  0.47102001  0.47102001  0.34601000  0.05644000 -0.64693999
NHid Glh Val Nme  0.08773999  0.43869000 -0.32005000  0.31167999 -0.33618000 -0.01320000  0.10603000  0.10603000  0.03045000  0.12174000  0.64884001 -0.59474999 -0.82962001  0.47159999  0.47159999  0.47159999  0.34485000  0.05541000 -0.64438999
NHid Trp Val Nme  0.08655000  0.43722001 -0.31406000  0.31255001 -0.33888000 -0.01197000  0.10174000  0.10174000  0.02474000  0.12285000  0.64661998 -0.59087998 -0.82407999  0.47108999  0.47108999  0.47108999  0.34198999  0.05539000 -0.64472002
NHid Cyx Val Nme  0.08556000  0.43847999 -0.32041001  0.30943999 -0.32534998 -0.01634000  0.10702000  0.10702000  0.02913000  0.12550000  0.65534002 -0.58616000 -0.83196002  0.47141999  0.47141999  0.47141999  0.34286001  0.05295000 -0.64520001
NHid Ala Val Nme  0.08713000  0.43814999 -0.31628001  0.31257999 -0.33504999 -0.01473000  0.10541000  0.10541000  0.02773000  0.12342000  0.64460999 -0.59197998 -0.82751000  0.47104999  0.47104999  0.47104999  0.34235999  0.05464000 -0.64499003
NHid Glu Val Nme  0.08096000  0.42660001 -0.30641002  0.31553000 -0.30327001 -0.01807000  0.10441000  0.10441000  0.02356000  0.12385000  0.64398002 -0.61842001 -0.83047998  0.46744001  0.46744001  0.46744001  0.32462001  0.04652000 -0.65495998
NHid Lyn Val Nme  0.08704000  0.43829000 -0.31783000  0.31202999 -0.33471000 -0.01333000  0.10481000  0.10481000  0.02690000  0.12222000  0.64859998 -0.59913999 -0.83117002  0.47198000  0.47198000  0.47198000  0.34430000  0.05475000 -0.64475000
NHid Gly Val Nme  0.08712000  0.43937001 -0.31573999  0.31257001 -0.33598000 -0.01233000  0.10251000  0.10251000  0.03033000  0.12553001  0.64432001 -0.59965998 -0.83184999  0.47215000  0.47215000  0.47215000  0.34355000  0.05351000 -0.64309001
NHid Met Val Nme  0.08648000  0.43819001 -0.31720000  0.31364000 -0.33351999 -0.01462000  0.10452000  0.10452000  0.03197000  0.12294000  0.64845997 -0.60044998 -0.83099001  0.47114000  0.47114000  0.47114000  0.34038001  0.05365000 -0.64380002
NHid Tyr Val Nme  0.08587000  0.43594000 -0.30994999  0.31500000 -0.33730000 -0.01382000  0.10240000  0.10240000  0.02626000  0.12745000  0.64838999 -0.59347999 -0.82449001  0.47086000  0.47086000  0.47086000  0.33638000  0.05254000 -0.64186001
NHid Arg Val Nme  0.09247000  0.44903001 -0.31382001  0.31549001 -0.34684000 -0.01129000  0.10452000  0.10452000  0.03630000  0.12456000  0.63665002 -0.56954998 -0.82801002  0.47332001  0.47332001  0.47332001  0.34202000  0.04892000 -0.63836998
