NMet Arg Val Nme  0.47433999 -0.82876003  0.03331000  0.12768000  0.64248002 -0.57552999 -0.09991000  0.09903000  0.09903000 -0.06656000  0.07329000  0.07329000 -0.21593000 -0.05885000  0.07870000  0.07870000  0.07870000  0.47433999  0.47433999
NMet Gln Val Nme  0.46823999 -0.83405000  0.03639000  0.12091000  0.64864999 -0.59192997 -0.09925000  0.10651000  0.10651000 -0.06420000  0.06319000  0.06319000 -0.21078999 -0.06074000  0.07805000  0.07805000  0.07805000  0.46823999  0.46823999
NMet Glh Val Nme  0.46865001 -0.83367002  0.03414000  0.12314000  0.65182000 -0.59639001 -0.09910000  0.10659000  0.10659000 -0.06467000  0.06284000  0.06284000 -0.20992000 -0.06030000  0.07839000  0.07839000  0.07839000  0.46865001  0.46865001
NMet Leu Val Nme  0.46628001 -0.82691997  0.03085000  0.11930000  0.64607000 -0.58504999 -0.10340000  0.10840000  0.10840000 -0.06562000  0.06326000  0.06326000 -0.20099001 -0.06382000  0.07706000  0.07706000  0.07706000  0.46628001  0.46628001
NMet Met Val Nme  0.46884999 -0.83366001  0.03331000  0.12483000  0.65350998 -0.60285997 -0.09696000  0.09982000  0.09982000 -0.06141000  0.07055000  0.07055000 -0.22386999 -0.05636000  0.07771000  0.07771000  0.07771000  0.46884999  0.46884999
NMet Ser Val Nme  0.46702000 -0.82757998  0.03333000  0.12243000  0.65170997 -0.60066998 -0.10274000  0.10773000  0.10773000 -0.06366000  0.06305000  0.06305000 -0.20725000 -0.06211000  0.07743000  0.07743000  0.07743000  0.46702000  0.46702000
NMet Hip Val Nme  0.47459000 -0.83747000  0.04130000  0.11759000  0.63783997 -0.56478000 -0.10181000  0.10425000  0.10425000 -0.06787000  0.07387000  0.07387000 -0.20001000 -0.06380000  0.08093000  0.08093000  0.08093000  0.47459000  0.47459000
NMet Cyx Val Nme  0.46693000 -0.82941997  0.03831000  0.11344000  0.65600997 -0.57782000 -0.10053000  0.11091000  0.11091000 -0.06372000  0.06208000  0.06208000 -0.20434000 -0.06297000  0.07673000  0.07673000  0.07673000  0.46693000  0.46693000
NMet Cys Val Nme  0.46875000 -0.82859999  0.02944000  0.12439000  0.65562999 -0.59546000 -0.10008000  0.10799000  0.10799000 -0.06504000  0.05995000  0.05995000 -0.20900001 -0.06034000  0.07816000  0.07816000  0.07816000  0.46875000  0.46875000
NMet Val Val Nme  0.46639001 -0.82562000  0.02851000  0.11738000  0.65148997 -0.58932000 -0.10214000  0.10911000  0.10911000 -0.06454000  0.06175000  0.06175000 -0.20541000 -0.06207000  0.07736000  0.07736000  0.07736000  0.46639001  0.46639001
NMet Tyr Val Nme  0.46969000 -0.83692002  0.03127000  0.11254000  0.64563000 -0.58535999 -0.09960000  0.10778000  0.10778000 -0.06200000  0.06636000  0.06636000 -0.20867001 -0.06177000  0.07696000  0.07696000  0.07696000  0.46969000  0.46969000
NMet Ile Val Nme  0.46772000 -0.83073002  0.03352000  0.12000000  0.65131998 -0.60216999 -0.09807000  0.10226000  0.10226000 -0.06034000  0.06982000  0.06982000 -0.22260000 -0.05602000  0.07678000  0.07678000  0.07678000  0.46772000  0.46772000
NMet Thr Val Nme  0.46847001 -0.82602000  0.02866000  0.12795000  0.65552002 -0.60219997 -0.10127000  0.10075000  0.10075000 -0.06275000  0.06854000  0.06854000 -0.21873000 -0.05803000  0.07770000  0.07770000  0.07770000  0.46847001  0.46847001
NMet Asn Val Nme  0.46759000 -0.82602000  0.02894000  0.12113000  0.65847999 -0.57697999 -0.10561000  0.10741000  0.10741000 -0.06446000  0.06348000  0.06348000 -0.20544000 -0.06241000  0.07714000  0.07714000  0.07714000  0.46759000  0.46759000
NMet Pro Val Nme  0.46926001 -0.83118999  0.03829000  0.11672000  0.65903997 -0.58838999 -0.09972000  0.10481000  0.10481000 -0.06016000  0.06332000  0.06332000 -0.21329001 -0.05975000  0.07692000  0.07692000  0.07692000  0.46926001  0.46926001
NMet Asp Val Nme  0.46050999 -0.82906002  0.03000000  0.12915000  0.64791000 -0.64399999 -0.09891000  0.09773000  0.09773000 -0.04794000  0.07419000  0.07419000 -0.23662999 -0.05522000  0.06926000  0.06926000  0.06926000  0.46050999  0.46050999
NMet Hie Val Nme  0.46948001 -0.83618999  0.03018000  0.11784000  0.65075999 -0.60145998 -0.09920000  0.10205000  0.10205000 -0.05948000  0.07167000  0.07167000 -0.21481000 -0.06039000  0.07556000  0.07556000  0.07556000  0.46948001  0.46948001
NMet Hid Val Nme  0.47073001 -0.83739001  0.03143000  0.11572000  0.64855999 -0.58538997 -0.09962000  0.10478000  0.10478000 -0.06311000  0.06859000  0.06859000 -0.20521000 -0.06335000  0.07609000  0.07609000  0.07609000  0.47073001  0.47073001
NMet Phe Val Nme  0.46976000 -0.83757001  0.03136000  0.11312000  0.64674002 -0.58743000 -0.09893000  0.11125000  0.11125000 -0.06339000  0.06006000  0.06006000 -0.20735000 -0.06029000  0.07764000  0.07764000  0.07764000  0.46976000  0.46976000
NMet Ash Val Nme  0.46966001 -0.83337999  0.03019000  0.11987000  0.65625000 -0.57656002 -0.10030000  0.10911999  0.10911999 -0.06416000  0.06093000  0.06093000 -0.20620001 -0.06240000  0.07789000  0.07789000  0.07789000  0.46966001  0.46966001
NMet Lyn Val Nme  0.46933001 -0.82902002  0.02839000  0.12359000  0.64788002 -0.60183001 -0.10173000  0.10566000  0.10566000 -0.06508000  0.06416000  0.06416000 -0.20712000 -0.06225000  0.07769000  0.07769000  0.07769000  0.46933001  0.46933001
NMet Trp Val Nme  0.46955001 -0.83633000  0.03053000  0.11202000  0.64671999 -0.58894002 -0.09760000  0.10476000  0.10476000 -0.06021000  0.06898000  0.06898000 -0.21199000 -0.06113000  0.07584000  0.07584000  0.07584000  0.46955001  0.46955001
NMet Ala Val Nme  0.46821001 -0.82722998  0.02662000  0.12186000  0.65513998 -0.59474999 -0.10228000  0.10510000  0.10510000 -0.06534000  0.06399000  0.06399000 -0.20732000 -0.06230000  0.07771000  0.07771000  0.07771000  0.46821001  0.46821001
NMet Lys Val Nme  0.47051000 -0.83263999  0.03545000  0.11357000  0.64249003 -0.56730002 -0.09937000  0.11092000  0.11092000 -0.06861000  0.06006000  0.06006000 -0.19825000 -0.06176000  0.08115000  0.08115000  0.08115000  0.47051000  0.47051000
NMet Gly Val Nme  0.46895999 -0.83401000  0.03738000  0.12240000  0.64516002 -0.59748000 -0.09719000  0.10188000  0.10188000 -0.06128000  0.06998001  0.06998001 -0.22347000 -0.05586000  0.07771001  0.07771001  0.07771001  0.46895999  0.46895999
NMet Glu Val Nme  0.46283001 -0.82398999  0.02224000  0.11819999  0.66013998 -0.61975998 -0.10167000  0.09551000  0.09551000 -0.05873000  0.07478000  0.07478000 -0.23182000 -0.05658000  0.07959000  0.07959000  0.07959000  0.46283001  0.46283001
