NPhe Lyn Val Nme  0.15864000 -0.09752000 -0.11037000  0.15459999 -0.13009000  0.12915000 -0.14849000 -0.05220000  0.09907000  0.09907000  0.03588000  0.12645000  0.64464998 -0.60399997 -0.83828002  0.47023001  0.47023001  0.47023001 -0.13009000  0.12915000 -0.11037000  0.15459999
NPhe Ala Val Nme  0.15840000 -0.09790000 -0.10998000  0.15532001 -0.13264000  0.13136000 -0.15048000 -0.05305000  0.09921000  0.09921000  0.03355000  0.12660000  0.64459998 -0.60336000 -0.83171999  0.46974999  0.46974999  0.46974999 -0.13264000  0.13136000 -0.10998000  0.15532001
NPhe Trp Val Nme  0.15863000 -0.09799000 -0.10961000  0.15567000 -0.13319001  0.12981001 -0.15160000 -0.05132000  0.09607000  0.09607000  0.03064000  0.12664001  0.64837003 -0.60031003 -0.82906997  0.46944001  0.46944001  0.46944001 -0.13319001  0.12981001 -0.10961000  0.15567000
NPhe Ser Val Nme  0.15827000 -0.09805000 -0.11003000  0.15539999 -0.13269000  0.13164000 -0.15120000 -0.05349000  0.09890000  0.09890000  0.03566000  0.12885000  0.64705002 -0.60913003 -0.83126998  0.46996000  0.46996000  0.46996000 -0.13269000  0.13164000 -0.11003000  0.15539999
NPhe Gly Val Nme  0.15926000 -0.09704000 -0.10986000  0.15484001 -0.13030000  0.12841000 -0.14850000 -0.05155000  0.09853000  0.09853000  0.03748000  0.12711000  0.64166999 -0.59526003 -0.83772999  0.47082001  0.47082001  0.47082001 -0.13030000  0.12841000 -0.10986000  0.15484001
NPhe Tyr Val Nme  0.15857001 -0.09764000 -0.10953000  0.15573999 -0.13335000  0.13046999 -0.15215001 -0.05187000  0.09799000  0.09799000  0.03177000  0.12691000  0.64872002 -0.60083997 -0.82928997  0.46979001  0.46979001  0.46979001 -0.13335000  0.13046999 -0.10953000  0.15573999
NPhe Cyx Val Nme  0.15616000 -0.09668000 -0.11000000  0.15236001 -0.12660000  0.13450000 -0.14979000 -0.04842000  0.09288000  0.09288000  0.04329000  0.11832000  0.64674002 -0.59081000 -0.83797997  0.47163001  0.47163001  0.47163001 -0.12660000  0.13450000 -0.11000000  0.15236001
NPhe Pro Val Nme  0.15763000 -0.09878000 -0.11196000  0.15445000 -0.12993000  0.12841000 -0.14839999 -0.05040000  0.09725000  0.09725000  0.04284000  0.12268000  0.65521002 -0.59061998 -0.82850999  0.46788999  0.46788999  0.46788999 -0.12993000  0.12841000 -0.11196000  0.15445000
NPhe Glu Val Nme  0.14839999 -0.10474000 -0.11427000  0.14831001 -0.12252000  0.13327000 -0.13812999 -0.04985000  0.08893000  0.08893000  0.03121000  0.11697000  0.64868999 -0.61249000 -0.83337998  0.46768999  0.46768999  0.46768999 -0.12252000  0.13327000 -0.11427000  0.14831001
NPhe Asn Val Nme  0.15724000 -0.09930000 -0.10980000  0.15452000 -0.13321000  0.12981001 -0.14772999 -0.05497000  0.10270000  0.10270000  0.03399000  0.12421000  0.65753001 -0.59338999 -0.83240998  0.46990001  0.46990001  0.46990001 -0.13321000  0.12981001 -0.10980000  0.15452000
NPhe Cys Val Nme  0.15886000 -0.09748000 -0.10993000  0.15552001 -0.13267000  0.13151000 -0.15092000 -0.05243000  0.10015000  0.10015000  0.03760000  0.12838000  0.64213002 -0.59858000 -0.83374000  0.46990001  0.46990001  0.46990001 -0.13267000  0.13151000 -0.10993000  0.15552001
NPhe Phe Val Nme  0.15894000 -0.09754000 -0.10979000  0.15589000 -0.13368000  0.13142000 -0.15352000 -0.05176000  0.09740000  0.09740000  0.03168000  0.12661999  0.65025002 -0.60143000 -0.82855999  0.46974999  0.46974999  0.46974999 -0.13368000  0.13142000 -0.10979000  0.15589000
NPhe Thr Val Nme  0.15834001 -0.09876000 -0.11062000  0.15425999 -0.13220000  0.13056000 -0.14777000 -0.05366000  0.10238000  0.10238000  0.03736000  0.12723000  0.64026999 -0.59666997 -0.83349001  0.46888000  0.46888000  0.46888000 -0.13220000  0.13056000 -0.11062000  0.15425999
NPhe Met Val Nme  0.15826000 -0.09743000 -0.11116000  0.15470000 -0.12820999  0.12881000 -0.14972000 -0.05183000  0.09813000  0.09813000  0.03955000  0.12600000  0.64534998 -0.60864001 -0.83832002  0.46958000  0.46958000  0.46958000 -0.12820999  0.12881000 -0.11116000  0.15470000
NPhe Lys Val Nme  0.16632999 -0.08951000 -0.10654000  0.15931000 -0.13244000  0.12473000 -0.15764000 -0.04475000  0.09074000  0.09074000  0.03660000  0.13023999  0.63863999 -0.57454002 -0.83301002  0.47393000  0.47393000  0.47393000 -0.13244000  0.12473000 -0.10654000  0.15931000
NPhe Leu Val Nme  0.15838000 -0.09747000 -0.10962000  0.15513000 -0.13083000  0.12910999 -0.14974999 -0.05125000  0.09674000  0.09674000  0.03237000  0.12809999  0.64748001 -0.60733998 -0.83161002  0.46970999  0.46970999  0.46970999 -0.13083000  0.12910999 -0.10962000  0.15513000
NPhe Hid Val Nme  0.15876000 -0.09732999 -0.10916000  0.15561000 -0.13220000  0.12916000 -0.15123001 -0.05207000  0.09737000  0.09737000  0.03369000  0.12795000  0.65116000 -0.59937000 -0.82941001  0.47007999  0.47007999  0.47007999 -0.13220000  0.12916000 -0.10916000  0.15561000
NPhe Ile Val Nme  0.15831000 -0.09734000 -0.11081000  0.15485001 -0.12837000  0.12831000 -0.14985999 -0.05036000  0.09543000  0.09543000  0.03852000  0.12845001  0.64604002 -0.61445999 -0.83758002  0.46937999  0.46937999  0.46937999 -0.12837000  0.12831000 -0.11081000  0.15485001
NPhe Hie Val Nme  0.15775000 -0.09835000 -0.11016000  0.15493999 -0.13197000  0.12983000 -0.14974000 -0.05317000  0.09780000  0.09780000  0.03105000  0.12808999  0.64928001 -0.60773998 -0.82937002  0.46913001  0.46913001  0.46913001 -0.13197000  0.12983000 -0.11016000  0.15493999
NPhe Ash Val Nme  0.15825000 -0.09777000 -0.10951000  0.15521000 -0.13203999  0.12898999 -0.14984000 -0.05327000  0.10122000  0.10122000  0.03529000  0.12707999  0.65228999 -0.59053999 -0.83076000  0.47009000  0.47009000  0.47009000 -0.13203999  0.12898999 -0.10951000  0.15521000
NPhe Asp Val Nme  0.14593001 -0.11472000 -0.11929000  0.14476000 -0.13493000  0.13822999 -0.12963000 -0.07040000  0.12166000  0.12166000  0.03787000  0.12003000  0.64578003 -0.65915001 -0.83133000  0.46138000  0.46138000  0.46138000 -0.13493000  0.13822999 -0.11929000  0.14476000
NPhe Hip Val Nme  0.16944000 -0.08517000 -0.10372000  0.16328000 -0.13324000  0.12448000 -0.16741000 -0.04088000  0.08553000  0.08553000  0.03739000  0.13587999  0.63635999 -0.56185001 -0.82989001  0.47575000  0.47575000  0.47575000 -0.13324000  0.12448000 -0.10372000  0.16328000
NPhe Glh Val Nme  0.15873000 -0.09700000 -0.11100000  0.15480000 -0.12804000  0.12823001 -0.15028000 -0.05160000  0.09863000  0.09863000  0.03762000  0.12682000  0.64863998 -0.60044998 -0.83732003  0.46968001  0.46968001  0.46968001 -0.12804000  0.12823001 -0.11100000  0.15480000
NPhe Arg Val Nme  0.16570001 -0.09070000 -0.10893000  0.15821999 -0.12937000  0.12529001 -0.15642001 -0.04915000  0.09982000  0.09982000  0.04372000  0.12545000  0.63929999 -0.58468002 -0.83805001  0.47200000  0.47200000  0.47200000 -0.12937000  0.12529001 -0.10893000  0.15821999
NPhe Gln Val Nme  0.15943000 -0.09752000 -0.11039000  0.15469000 -0.13033000  0.12895000 -0.14809001 -0.05260000  0.09981000  0.09981000  0.03871000  0.12605999  0.64326000 -0.60368002 -0.83969998  0.46992999  0.46992999  0.46992999 -0.13033000  0.12895000 -0.11039000  0.15469000
NPhe Val Val Nme  0.15826000 -0.09732000 -0.11118000  0.15535000 -0.12964000  0.12980001 -0.15264000 -0.04979000  0.09596000  0.09596000  0.03601000  0.12788001  0.64567000 -0.61159003 -0.82863998  0.46858001  0.46858001  0.46858001 -0.12964000  0.12980001 -0.11118000  0.15535000
