NPro Gly Val Nme  0.10860000  0.11425000  0.10860000 -0.76762003  0.47148001  0.47148001  0.03645000  0.12552001  0.64550000 -0.60483003 -0.09659000  0.10077000  0.10077000 -0.09864000  0.10260000  0.10260000
NPro Val Val Nme  0.10769000  0.11574000  0.10769000 -0.76845998  0.46979001  0.46979001  0.03575000  0.12228000  0.64815003 -0.60960001 -0.09560000  0.10113000  0.10113000 -0.09825000  0.10271000  0.10271000
NPro Ile Val Nme  0.10755000  0.11538000  0.10755000 -0.76818001  0.47005001  0.47005001  0.03562000  0.12290000  0.64819002 -0.61085999 -0.09576000  0.10145000  0.10145000 -0.09815000  0.10252000  0.10252000
NPro Lys Val Nme  0.11492000  0.11221000  0.11492000 -0.76783001  0.47040001  0.47040001  0.03964000  0.12101000  0.64460999 -0.60145998 -0.09837000  0.10350000  0.10350000 -0.09888000  0.10831000  0.10831000
NPro Leu Val Nme  0.10757000  0.11538000  0.10757000 -0.76805002  0.46985000  0.46985000  0.03566000  0.12178000  0.64721000 -0.60712999 -0.09460000  0.10129000  0.10129000 -0.09777000  0.10270000  0.10270000
NPro Cyx Val Nme  0.10749000  0.11214000  0.10749000 -0.76678997  0.47163999  0.47163999  0.03603000  0.12549999  0.65297002 -0.58828002 -0.09745000  0.10283000  0.10283000 -0.09828000  0.10315000  0.10315000
NPro Ser Val Nme  0.10816000  0.11451000  0.10816000 -0.76806998  0.47051999  0.47051999  0.03758000  0.12538999  0.65085000 -0.60966998 -0.09616000  0.10159000  0.10159000 -0.09885000  0.10187000  0.10187000
NPro Ash Val Nme  0.10825000  0.11306000  0.10825000 -0.76696002  0.47167000  0.47167000  0.03690000  0.12678001  0.65406001 -0.58850002 -0.09963999  0.10250000  0.10250000 -0.09754000  0.10282000  0.10282000
NPro Thr Val Nme  0.10724000  0.11382000  0.10724000 -0.76840001  0.47178999  0.47178999  0.03566000  0.12924001  0.65021998 -0.61407000 -0.09774000  0.10129000  0.10129000 -0.09819000  0.10168000  0.10168000
NPro Tyr Val Nme  0.10851000  0.11576000  0.10851000 -0.76806003  0.47110999  0.47110999  0.03256000  0.12455000  0.65258998 -0.60110003 -0.10091000  0.10307000  0.10307000 -0.09903000  0.10186000  0.10186000
NPro Hid Val Nme  0.10915000  0.11511000  0.10915000 -0.76787001  0.47180000  0.47180000  0.03490000  0.12403000  0.65243000 -0.59726000 -0.09948000  0.10224000  0.10224000 -0.09890000  0.10192000  0.10192000
NPro Glh Val Nme  0.10758000  0.11399000  0.10758000 -0.76710999  0.47180000  0.47180000  0.03321000  0.12763999  0.65078998 -0.59969997 -0.09545000  0.09972000  0.09972000 -0.09796000  0.10405000  0.10405000
NPro Phe Val Nme  0.10872000  0.11618000  0.10872000 -0.76795000  0.47079000  0.47079000  0.03197000  0.12431000  0.65592003 -0.60162002 -0.10069000  0.10323000  0.10323000 -0.09886000  0.10127000  0.10127000
NPro Asn Val Nme  0.10920000  0.11682000  0.10920000 -0.76841003  0.47138000  0.47138000  0.03309000  0.12644000  0.66044003 -0.58701998 -0.10110000  0.10193000  0.10193000 -0.09994000  0.10025000  0.10025000
NPro Pro Val Nme  0.10814000  0.12096000  0.10814000 -0.77353001  0.46533000  0.46533000  0.04539000  0.11285000  0.66130000 -0.59306002 -0.09328000  0.10589000  0.10589000 -0.10014000  0.10037000  0.10037000
NPro Hie Val Nme  0.10679000  0.11459000  0.10679000 -0.76810002  0.47035000  0.47035000  0.03335000  0.12455000  0.65517002 -0.60706002 -0.09994000  0.10281000  0.10281000 -0.09785000  0.10163000  0.10163000
NPro Met Val Nme  0.10855000  0.11373000  0.10855000 -0.76749003  0.47196999  0.47196999  0.03347000  0.12760000  0.65120000 -0.60633999 -0.09679000  0.09919000  0.09919000 -0.09957000  0.10258000  0.10258000
NPro Asp Val Nme  0.09678000  0.11637000  0.09678000 -0.77074999  0.46698001  0.46698001  0.03458000  0.13107000  0.65085000 -0.64923000 -0.09670000  0.10413000  0.10413000 -0.09905000  0.09043000  0.09043000
NPro Hip Val Nme  0.11854000  0.11291000  0.11854000 -0.76762003  0.47146001  0.47146001  0.04312000  0.12232000  0.64024001 -0.57441998 -0.10135000  0.10515000  0.10515000 -0.10047000  0.11071000  0.11071000
NPro Arg Val Nme  0.11578001  0.11520000  0.11578001 -0.76704001  0.47475001  0.47475001  0.03645000  0.13169000  0.64264000 -0.57242000 -0.09308000  0.09469000  0.09469000 -0.10063000  0.10274000  0.10274000
NPro Trp Val Nme  0.10698000  0.11454000  0.10698000 -0.76770002  0.47060999  0.47060999  0.03337000  0.12358000  0.65393001 -0.60474002 -0.10062000  0.10305000  0.10305000 -0.09792000  0.10232000  0.10232000
NPro Lyn Val Nme  0.10812000  0.11418000  0.10812000 -0.76719999  0.47183001  0.47183001  0.03152000  0.12777000  0.65254003 -0.60575003 -0.09777000  0.09989000  0.09989000 -0.09900000  0.10227000  0.10227000
NPro Glu Val Nme  0.09784000  0.11211000  0.09784000 -0.76760000  0.46718001  0.46718001  0.03020000  0.11779000  0.65171999 -0.62528002 -0.09822000  0.10466000  0.10466000 -0.09705000  0.10285000  0.10285000
NPro Gln Val Nme  0.10873000  0.11271000  0.10873000 -0.76683003  0.47170001  0.47170001  0.03446000  0.12797000  0.64872003 -0.60662001 -0.09611000  0.10020000  0.10020000 -0.09817000  0.10172000  0.10172000
NPro Cys Val Nme  0.10821000  0.11204000  0.10821000 -0.76670998  0.47125000  0.47125000  0.03784000  0.12816000  0.65214002 -0.61053002 -0.09842000  0.10287000  0.10287000 -0.09805000  0.10221000  0.10221000
NPro Ala Val Nme  0.10788000  0.11484000  0.10788000 -0.76766002  0.47117999  0.47117999  0.03358000  0.12540001  0.65056002 -0.60816002 -0.09566000  0.09984000  0.09984000 -0.09815000  0.10201000  0.10201000
