NTrp Arg Val Nme  0.14877001 -0.11497000 -0.10040000  0.15637000 -0.11397000  0.15388000  0.07686000 -0.09471000 -0.13033999  0.11894000 -0.26137999 -0.00036000  0.08349000  0.08349000  0.04301000  0.11949000  0.64990002 -0.60146999 -0.84004003  0.47178999  0.47178999  0.47178999  0.06732000  0.17982000 -0.54973000  0.47681999
NTrp Hip Val Nme  0.15174000 -0.11024000 -0.09356000  0.16399001 -0.10954000  0.16080999  0.07871000 -0.09518000 -0.13362999  0.11138000 -0.25856998  0.00194000  0.08269000  0.08269000  0.03959000  0.12597001  0.63382000 -0.55856001 -0.82784998  0.47564000  0.47564000  0.47564000  0.04348000  0.15739000 -0.54543000  0.47742000
NTrp Leu Val Nme  0.14731000 -0.12363000 -0.09871000  0.15229000 -0.12242000  0.15137000  0.07514000 -0.09101000 -0.11111000  0.13096000 -0.24694000 -0.01201000  0.09306000  0.09306000  0.02960000  0.11992000  0.64776999 -0.60505998 -0.82846999  0.47035000  0.47035000  0.47035000  0.02774000  0.16907001 -0.55321002  0.47306001
NTrp Asp Val Nme  0.14478999 -0.14031000 -0.10141000  0.13903999 -0.14208999  0.13864000  0.07647000 -0.09498000 -0.08724000  0.16001000 -0.19151001 -0.03786000  0.11664000  0.11664000  0.03582000  0.11841000  0.64823002 -0.65285999 -0.83028001  0.46042001  0.46042001  0.46042001 -0.00601000  0.16116001 -0.57062000  0.45997000
NTrp Hid Val Nme  0.14755000 -0.12478000 -0.09769000  0.15192000 -0.12384000  0.15090000  0.07652000 -0.08981000 -0.10774000  0.13212000 -0.23705000 -0.01374000  0.09564000  0.09564000  0.03273000  0.12158000  0.64938998 -0.60316998 -0.82665002  0.46934000  0.46934000  0.46934000  0.01784000  0.16483000 -0.55368000  0.47196001
NTrp Val Val Nme  0.14824000 -0.12293000 -0.09882000  0.15257999 -0.12238000  0.15171000  0.07534000 -0.09397000 -0.11272000  0.13183001 -0.24973000 -0.01277000  0.09259000  0.09259000  0.03652000  0.11833000  0.64806002 -0.61431998 -0.82804000  0.46972001  0.46972001  0.46972001  0.02800000  0.17190001 -0.55453002  0.47275001
NTrp Gln Val Nme  0.14609000 -0.11983000 -0.10356000  0.15230000 -0.11593000  0.15202001  0.07757000 -0.09584000 -0.13110000  0.12086000 -0.25117001 -0.00585000  0.08765000  0.08765000  0.03772000  0.12082000  0.64583999 -0.60772002 -0.83972001  0.47009000  0.47009000  0.47009000  0.06390000  0.17700000 -0.55162001  0.47496000
NTrp Ser Val Nme  0.14484000 -0.11900000 -0.10510000  0.15294001 -0.11401000  0.15277000  0.07664000 -0.09730000 -0.13457000  0.11584000 -0.25953999 -0.00401000  0.08684000  0.08684000  0.03654000  0.11897000  0.64624000 -0.60781997 -0.82718003  0.47018001  0.47018001  0.47018001  0.07745000  0.17890000 -0.55416000  0.47496000
NTrp Pro Val Nme  0.14799000 -0.12471000 -0.09950000  0.15152000 -0.12347000  0.15049000  0.07667000 -0.09023000 -0.11158000  0.12899999 -0.23735000 -0.01249000  0.09255000  0.09255000  0.04320000  0.11680000  0.65425002 -0.59950000 -0.82637000  0.46763000  0.46763000  0.46763000  0.02618000  0.16624000 -0.55589998  0.47246998
NTrp Hie Val Nme  0.14540000 -0.12555000 -0.10051000  0.15033001 -0.12222000  0.14984000  0.07818000 -0.08933000 -0.11370000  0.12658000 -0.23116000 -0.01032000  0.08900000  0.08900000  0.03063000  0.12707999  0.64810997 -0.61492002 -0.82941997  0.46724999  0.46724999  0.46724999  0.03499000  0.16907001 -0.55570000  0.47160000
NTrp Phe Val Nme  0.14766000 -0.12418000 -0.09847000  0.15226000 -0.12290000  0.15124000  0.07474000 -0.09131000 -0.10987000  0.13178000 -0.24593000 -0.01323000  0.09413000  0.09413000  0.03049000  0.11887000  0.64995003 -0.60193998 -0.82515001  0.46945000  0.46945000  0.46945000  0.02478000  0.16897000 -0.55387998  0.47277000
NTrp Met Val Nme  0.14711000 -0.12369000 -0.09955000  0.15090001 -0.12221000  0.15027000  0.07918000 -0.08870000 -0.11224000  0.12701000 -0.23128000 -0.01031000  0.08951000  0.08951000  0.03579000  0.12710001  0.64744002 -0.61321998 -0.83885002  0.46810999  0.46810999  0.46810999  0.03116000  0.16350000 -0.55238003  0.47244999
NTrp Ile Val Nme  0.14786001 -0.12358000 -0.09913000  0.15195000 -0.12262000  0.15118000  0.07684000 -0.09144000 -0.11118000  0.12989999 -0.24231000 -0.01305000  0.09250000  0.09250000  0.03633000  0.12174000  0.64880002 -0.61422002 -0.83460998  0.46961999  0.46961999  0.46961999  0.02579000  0.16743000 -0.55397999  0.47285000
NTrp Tyr Val Nme  0.14853001 -0.12454000 -0.09666000  0.15194000 -0.12439000  0.15090000  0.07777000 -0.08774000 -0.10502000  0.12902000 -0.23007000 -0.01506000  0.09304000  0.09304000  0.02757000  0.12813000  0.64933002 -0.60285998 -0.82503003  0.46805999  0.46805999  0.46805999  0.00963000  0.16161001 -0.55361998  0.47209999
NTrp Glh Val Nme  0.14433000 -0.11925000 -0.10469000  0.15189999 -0.11425000  0.15173000  0.07805000 -0.09567000 -0.13200000  0.11683000 -0.25540000 -0.00354000  0.08321000  0.08321000  0.03794000  0.12121000  0.65240997 -0.60231000 -0.83960998  0.47003001  0.47003001  0.47003001  0.07388000  0.18203001 -0.55136001  0.47512999
NTrp Trp Val Nme  0.14450000 -0.12243000 -0.10385000  0.15102000 -0.11807000  0.15082000  0.07727000 -0.09238000 -0.12427000  0.12001000 -0.24589001 -0.00479000  0.08643000  0.08643000  0.03382000  0.12061000  0.64467001 -0.60580999 -0.82870001  0.46812999  0.46812999  0.46812999  0.06175000  0.17552000 -0.55536997  0.47268000
NTrp Gly Val Nme  0.14601999 -0.12014000 -0.10251000  0.15283000 -0.11701000  0.15232000  0.07729000 -0.09406000 -0.12751000  0.12150000 -0.25020999 -0.00880000  0.09079000  0.09079000  0.03837000  0.11886000  0.64416999 -0.59937000 -0.83402997  0.47095999  0.47095999  0.47095999  0.05419000  0.17308000 -0.55340999  0.47418001
NTrp Thr Val Nme  0.14616000 -0.12358000 -0.10172000  0.15090000 -0.12057000  0.15060000  0.07724999 -0.09100000 -0.11723000  0.12490999 -0.24144000 -0.01070000  0.09200000  0.09200000  0.03520000  0.12470000  0.64266002 -0.60688001 -0.82819999  0.46810999  0.46810999  0.46810999  0.04292000  0.17030000 -0.55300999  0.47332000
NTrp Glu Val Nme  0.13731000 -0.12851000 -0.11388000  0.14396000 -0.11709000  0.14674000  0.07473000 -0.09425000 -0.13244000  0.11520000 -0.25529000 -0.00908000  0.08524000  0.08524000  0.02857000  0.11660000  0.65198999 -0.61824000 -0.82865000  0.46691000  0.46691000  0.46691000  0.08728999  0.19575999 -0.55699998  0.47442999
NTrp Ash Val Nme  0.14822000 -0.12431000 -0.09795000  0.15203001 -0.12369000  0.15097000  0.07608000 -0.08981000 -0.10851000  0.13086000 -0.23929000 -0.01363000  0.09629000  0.09629000  0.03308000  0.12205000  0.65103000 -0.59359002 -0.82797998  0.46967000  0.46967000  0.46967000  0.02077000  0.16535000 -0.55399001  0.47290000
NTrp Asn Val Nme  0.14397000 -0.12189000 -0.10631000  0.15087999 -0.11596000  0.15109000  0.07524000 -0.09423000 -0.13156000  0.11849000 -0.26017001 -0.00497000  0.09021000  0.09021000  0.03561000  0.11424000  0.65429997 -0.59793001 -0.82936001  0.46974000  0.46974000  0.46974000  0.07099000  0.18934000 -0.55418003  0.47398001
NTrp Ala Val Nme  0.14742000 -0.12402000 -0.09908000  0.15182000 -0.12281000  0.15096000  0.07569000 -0.09164000 -0.11168000  0.13080999 -0.24194001 -0.01146000  0.09584000  0.09584000  0.03315000  0.11872000  0.64051002 -0.59201998 -0.82971001  0.46867999  0.46867999  0.46867999  0.02810000  0.16853000 -0.55430001  0.47270000
NTrp Cyx Val Nme  0.14590000 -0.12249000 -0.09828000  0.14596000 -0.12207000  0.14421000  0.08472000 -0.08052000 -0.10756000  0.13022000 -0.23549999  0.00190000  0.07391000  0.07391000  0.03284000  0.11948000  0.65542001 -0.61442000 -0.84110999  0.46752000  0.46752000  0.46752000  0.04040000  0.16716000 -0.54512000  0.47130999
NTrp Cys Val Nme  0.14507000 -0.12127000 -0.10345000  0.15159000 -0.11699000  0.15126000  0.07754000 -0.09112000 -0.12386000  0.11836000 -0.24934000 -0.00494000  0.08607000  0.08607000  0.03531000  0.12560999  0.64701998 -0.61202002 -0.82960999  0.46865001  0.46865001  0.46865001  0.06079000  0.17534000 -0.55160999  0.47393000
NTrp Lys Val Nme  0.15211000 -0.11174000 -0.09648000  0.16073001 -0.11349000  0.15704000  0.07638000 -0.09825000 -0.13405000  0.12131000 -0.26159000 -0.00205000  0.08418000  0.08418000  0.04005000  0.11975000  0.64199001 -0.58947003 -0.82966000  0.47488001  0.47488001  0.47488001  0.05232000  0.16489001 -0.54986000  0.47496000
NTrp Lyn Val Nme  0.14629000 -0.12163000 -0.10187000  0.15205000 -0.11902000  0.15152000  0.07763000 -0.09246000 -0.12355000  0.12351000 -0.24296001 -0.01102000  0.09281000  0.09281000  0.03600000  0.11985000  0.64402002 -0.60099000 -0.83486998  0.46987000  0.46987000  0.46987000  0.04669000  0.17049999 -0.55339998  0.47347000
